   6.8678049e+02   5.9610561e+03   4.4659564e+03   1.4950997e+03   2.4404442e-01   9.1815634e+00   4.6990541e+00   4.7295778e+00
   6.7769080e+02   1.2060795e+04   4.9988441e+03   7.0619514e+03   1.1296487e+00   8.9978052e+00   4.5997860e+00   4.6397840e+00
   6.6878178e+02   4.9392493e+03   5.0579350e+03   1.0000000e+00  -1.8610624e-02   8.8202365e+00   4.5045062e+00   4.5522149e+00
   6.6004719e+02   4.7926952e+03   6.0531802e+03   1.0000000e+00  -1.9381291e-01   8.6489409e+00   4.4139889e+00   4.4661623e+00
   6.5148072e+02   1.9129121e+04   6.1681767e+03   1.2960944e+04   1.9548778e+00   8.4840046e+00   4.3290000e+00   4.3809283e+00
   6.4307596e+02   1.2820883e+04   5.8615060e+03   6.9593765e+03   1.0300626e+00   8.3255169e+00   4.2488259e+00   4.2871846e+00
   6.3483546e+02   3.1631601e+04   6.1455285e+03   2.5486073e+04   3.6951753e+00   8.1554896e+00   4.1686545e+00   4.1973028e+00
   6.2676823e+02   6.2357933e+03   6.2022657e+03   3.3527575e+01   4.7558768e-03   7.9789616e+00   4.0865856e+00   4.1230037e+00
   6.1886114e+02   1.3178550e+04   6.6867876e+03   6.4917626e+03   9.0426589e-01   7.8352243e+00   3.9888929e+00   4.0568502e+00
   6.1109441e+02   8.0759364e+03   7.2218974e+03   8.5403901e+02   1.1688290e-01   7.6982354e+00   3.9277995e+00   3.9755902e+00
   6.0346124e+02   4.0170139e+04   6.7716018e+03   3.3398537e+04   4.4936193e+00   7.5680979e+00   3.8708329e+00   3.8892160e+00
   5.9598392e+02   2.1208485e+04   7.2286173e+03   1.3979868e+04   1.8358044e+00   7.3865435e+00   3.7877247e+00   3.7999107e+00
   5.8866231e+02   1.2341010e+04   7.1438178e+03   5.1971919e+03   6.7048456e-01   7.2566796e+00   3.6951297e+00   3.7592894e+00
   5.8146287e+02   7.9053682e+03   7.9753947e+03   1.0000000e+00  -8.8915230e-03   7.1421954e+00   3.6397424e+00   3.6925808e+00
   5.7438593e+02   1.4786262e+04   8.6362703e+03   6.1499919e+03   7.6661881e-01   7.0116923e+00   3.5991340e+00   3.5993354e+00
   5.6745511e+02   1.0667416e+04   9.4741535e+03   1.1932629e+03   1.4531312e-01   6.8499375e+00   3.5054804e+00   3.5292541e+00
   5.6065433e+02   2.3230968e+04   9.8097288e+03   1.3421240e+04   1.6109535e+00   6.7516248e+00   3.4270636e+00   3.5043833e+00
   5.5395682e+02   9.9225994e+03   1.0982434e+04   1.0000000e+00  -1.2517303e-01   6.6434043e+00   3.4102809e+00   3.4113591e+00
   5.4739555e+02   1.1292019e+04   1.0493157e+04   7.9886251e+02   9.2017497e-02   6.4791240e+00   3.3171743e+00   3.3369254e+00
   5.4095722e+02   1.8002375e+04   1.1620516e+04   6.3818583e+03   7.2584259e-01   6.3975429e+00   3.2507761e+00   3.3170361e+00
   5.3461755e+02   1.9316954e+04   1.1836582e+04   7.4803718e+03   8.3539002e-01   6.2817987e+00   3.2246567e+00   3.2252812e+00
   5.2840393e+02   1.2013729e+04   1.2774187e+04   1.0000000e+00  -8.3082731e-02   6.1454435e+00   3.1372731e+00   3.1737998e+00
   5.2229060e+02   3.0047166e+04   1.1900270e+04   1.8146896e+04   1.9618863e+00   6.0812017e+00   3.0969064e+00   3.1331510e+00
   5.1628650e+02   1.2492503e+04   1.2183132e+04   3.0937050e+02   3.2598380e-02   5.9270013e+00   3.0425273e+00   3.0557817e+00
   5.1039790e+02   4.7511369e+04   1.0130063e+04   3.7381306e+04   3.8878312e+00   5.8502019e+00   2.9810605e+00   3.0254942e+00
   5.0459670e+02   2.7480105e+04   1.4536693e+04   1.2943412e+04   1.3236240e+00   5.7521970e+00   2.9523356e+00   2.9527945e+00
   4.9890515e+02   1.5557026e+04   1.3470272e+04   2.0867543e+03   2.0889684e-01   5.6309087e+00   2.8639612e+00   2.9192287e+00
   4.9330012e+02   2.7214151e+04   1.4188651e+04   1.3025500e+04   1.2919454e+00   5.5791453e+00   2.8489835e+00   2.8639612e+00
   4.8779878e+02   6.5785481e+04   1.4344694e+04   5.1440787e+04   4.9598938e+00   5.4235381e+00   2.7760369e+00   2.8067149e+00
   4.8238811e+02   7.7015069e+04   1.4297995e+04   6.2717074e+04   6.0184590e+00   5.3978080e+00   2.7583291e+00   2.7760369e+00
   4.7707002e+02   8.4756223e+04   1.5174545e+04   6.9581678e+04   6.4799748e+00   5.2383719e+00   2.6890309e+00   2.6949378e+00
   4.7184425e+02   1.1784810e+05   1.4318548e+04   1.0352956e+05   9.5950594e+00   5.2131622e+00   2.6639089e+00   2.6870474e+00
   4.6670232e+02   1.5474530e+05   1.4934077e+04   1.3981123e+05   1.2603495e+01   5.0706879e+00   2.6029531e+00   2.6029531e+00
   4.6164642e+02   1.1533984e+05   1.6121258e+04   9.9218582e+04   8.8920703e+00   5.0411287e+00   2.5719647e+00   2.6026442e+00
   4.5667344e+02   9.7363843e+04   1.5788336e+04   8.1575508e+04   7.1132157e+00   4.9048317e+00   2.5178136e+00   2.5197961e+00
   4.5178004e+02   7.9864973e+04   1.8271413e+04   6.1593559e+04   5.3457934e+00   4.8819664e+00   2.4883485e+00   2.5178136e+00
   4.4696864e+02   8.6041484e+04   1.7774603e+04   6.8266881e+04   5.7536832e+00   4.7408237e+00   2.4336228e+00   2.4408697e+00
   4.4223026e+02   8.4564306e+04   1.5060227e+04   6.9504079e+04   5.8519310e+00   4.7359469e+00   2.4150429e+00   2.4336228e+00
   4.3757294e+02   8.3128344e+04   1.8238198e+04   6.4890146e+04   5.2820388e+00   4.5786849e+00   2.3503916e+00   2.3650835e+00
   4.3299426e+02   1.6147727e+05   1.7537304e+04   1.4393997e+05   1.1716671e+01   4.5786849e+00   2.3491152e+00   2.3503916e+00
   4.2848336e+02   1.4091599e+05   1.8071206e+04   1.2284479e+05   9.7034392e+00   4.4431081e+00   2.2681311e+00   2.2965584e+00
   4.2405259e+02   7.9661848e+04   1.8805730e+04   6.0856118e+04   4.7802984e+00   4.4184371e+00   2.2681311e+00   2.2681311e+00
   4.1968029e+02   8.4518021e+04   1.8300704e+04   6.6217317e+04   5.0927953e+00   4.3261598e+00   2.2013271e+00   2.2412362e+00
   4.1538716e+02   1.2368919e+05   1.9557363e+04   1.0413183e+05   7.8865249e+00   4.2601030e+00   2.1868529e+00   2.1868529e+00
   4.1114546e+02   5.1494842e+04   1.8287458e+04   3.3207385e+04   2.4932551e+00   4.2232809e+00   2.1499832e+00   2.1854391e+00
   4.0698197e+02   1.2912692e+05   1.9144504e+04   1.0998241e+05   8.0238268e+00   4.1037059e+00   2.1065690e+00   2.1065690e+00
   4.0287827e+02   8.2789337e+04   1.9195067e+04   6.3594270e+04   4.6395546e+00   4.1037059e+00   2.0986548e+00   2.1065690e+00
   3.9883623e+02   7.0302610e+04   1.9927717e+04   5.0374893e+04   3.5646733e+00   3.9803706e+00   2.0272919e+00   2.0675879e+00
   3.9487141e+02   1.7355021e+05   2.1975429e+04   1.5157478e+05   1.0642064e+01   3.9492700e+00   2.0272919e+00   2.0272919e+00
   3.9094245e+02   2.7149124e+05   1.9762257e+04   2.5172898e+05   1.7492068e+01   3.9086416e+00   1.9902166e+00   2.0222976e+00
   3.8708972e+02   1.8348331e+05   1.9990451e+04   1.6349286e+05   1.1035727e+01   3.7968207e+00   1.9490346e+00   1.9490346e+00
   3.8329290e+02   2.0586566e+05   2.0987257e+04   1.8487841e+05   1.2479246e+01   3.7968207e+00   1.9476032e+00   1.9490346e+00
   3.7954367e+02   1.0485686e+05   2.3492969e+04   8.1363892e+04   5.3543596e+00   3.7016362e+00   1.8718105e+00   1.9304556e+00
   3.7586966e+02   1.2199035e+05   2.1576339e+04   1.0041401e+05   6.5093680e+00   3.6463842e+00   1.8718105e+00   1.8718105e+00
   3.7222328e+02   2.0343159e+05   2.3208666e+04   1.8022292e+05   1.1683004e+01   3.6463842e+00   1.8718105e+00   1.8718105e+00
   3.6864295e+02   9.5693843e+04   2.2230968e+04   7.3462875e+04   4.5897086e+00   3.5142698e+00   1.7967575e+00   1.8130684e+00
   3.6513682e+02   7.6025114e+04   2.5101761e+04   5.0923354e+04   3.1667761e+00   3.4979877e+00   1.7956337e+00   1.7956337e+00
   3.6164114e+02   9.0150550e+04   2.4004575e+04   6.6145975e+04   4.1080078e+00   3.4933794e+00   1.7772754e+00   1.7956337e+00
   3.5821862e+02   7.9105694e+04   2.4215836e+04   5.4889858e+04   3.2706501e+00   3.3516596e+00   1.7205186e+00   1.7350080e+00
   3.5486696e+02   9.4092979e+04   2.5259147e+04   6.8833832e+04   4.1015115e+00   3.3516596e+00   1.7205186e+00   1.7205186e+00
   3.5151875e+02   1.2155401e+05   2.6077716e+04   9.5476291e+04   5.6772953e+00   3.3447515e+00   1.6976171e+00   1.7205186e+00
   3.4824266e+02   9.5924059e+04   2.6730340e+04   6.9193719e+04   3.9455349e+00   3.2074296e+00   1.6464805e+00   1.6625255e+00
   3.4503523e+02   7.3915308e+04   2.3350054e+04   5.0565253e+04   2.8833105e+00   3.2074296e+00   1.6464805e+00   1.6464805e+00
   3.4182780e+02   8.2802467e+04   2.3379646e+04   5.9422820e+04   3.3883829e+00   3.2074296e+00   1.6320508e+00   1.6464805e+00
   3.3868646e+02   1.1967548e+05   2.5984523e+04   9.3690959e+04   5.1222543e+00   3.0752566e+00   1.5735354e+00   1.5982790e+00
   3.3561617e+02   1.4335044e+05   2.8106450e+04   1.1524399e+05   6.2802572e+00   3.0653287e+00   1.5735354e+00   1.5735354e+00
   3.3255084e+02   1.0802207e+05   3.0883625e+04   7.7138445e+04   4.2036836e+00   3.0653287e+00   1.5718576e+00   1.5735354e+00
   3.2953224e+02   5.0950917e+04   2.9938664e+04   2.1012253e+04   1.1101578e+00   2.9718713e+00   1.5016998e+00   1.5524620e+00
   3.2658361e+02   1.0832645e+05   2.8964905e+04   7.9361548e+04   4.1273935e+00   2.9253893e+00   1.5016998e+00   1.5016998e+00
   3.2365822e+02   1.1074768e+05   2.8380001e+04   8.2367678e+04   4.2837347e+00   2.9253893e+00   1.5016998e+00   1.5016998e+00
   3.2075001e+02   1.0798235e+05   3.0154789e+04   7.7827563e+04   4.0000652e+00   2.8910230e+00   1.4686695e+00   1.4992196e+00
   3.1791068e+02   1.1254265e+05   3.0679750e+04   8.1862903e+04   4.0570160e+00   2.7876452e+00   1.4309912e+00   1.4309912e+00
   3.1512303e+02   9.6467676e+04   3.0599054e+04   6.5868622e+04   3.2643608e+00   2.7876452e+00   1.4309912e+00   1.4309912e+00
   3.1233539e+02   1.5871484e+05   3.1992966e+04   1.2672188e+05   6.2801667e+00   2.7876452e+00   1.4309912e+00   1.4309912e+00
   3.0959261e+02   1.6626685e+05   3.3032080e+04   1.3323477e+05   6.3903705e+00   2.6979034e+00   1.3664721e+00   1.4048732e+00
   3.0691760e+02   8.0018028e+04   2.9837761e+04   5.0180267e+04   2.3659751e+00   2.6521319e+00   1.3614277e+00   1.3614277e+00
   3.0426546e+02   6.8357397e+04   3.2161512e+04   3.6195885e+04   1.7066183e+00   2.6521319e+00   1.3614277e+00   1.3614277e+00
   3.0161333e+02   6.3258347e+04   3.1769634e+04   3.1488714e+04   1.4846775e+00   2.6521319e+00   1.3571848e+00   1.3614277e+00
   2.9902061e+02   1.1320546e+05   3.6214191e+04   7.6991265e+04   3.4674761e+00   2.5333193e+00   1.2930286e+00   1.3135279e+00
   2.9649450e+02   5.7826794e+04   3.5577832e+04   2.2248962e+04   9.9632379e-01   2.5188869e+00   1.2930286e+00   1.2930286e+00
   2.9397562e+02   1.0384938e+05   3.5273317e+04   6.8576060e+04   3.0708830e+00   2.5188869e+00   1.2930286e+00   1.2930286e+00
   2.9145673e+02   8.8530861e+04   3.5082618e+04   5.3448243e+04   2.3934490e+00   2.5188869e+00   1.2807018e+00   1.2930286e+00
   2.8899818e+02   3.9360450e+04   3.7114287e+04   2.2461626e+03   9.5765598e-02   2.3982047e+00   1.2258140e+00   1.2490982e+00
   2.8660511e+02   7.2038076e+04   3.4467728e+04   3.7570348e+04   1.5949695e+00   2.3879493e+00   1.2258140e+00   1.2258140e+00
   2.8421716e+02   4.2250980e+04   3.5252352e+04   6.9986285e+03   2.9711195e-01   2.3879493e+00   1.2258140e+00   1.2258140e+00
   2.8182921e+02   5.9729228e+04   3.5959010e+04   2.3770218e+04   1.0091143e+00   2.3879493e+00   1.2218012e+00   1.2258140e+00
   2.7948845e+02   6.9948211e+04   3.7170796e+04   3.2777415e+04   1.3364978e+00   2.2935672e+00   1.1598051e+00   1.1998613e+00
   2.7721199e+02   4.6110813e+04   3.6583135e+04   9.5276776e+03   3.8269666e-01   2.2593605e+00   1.1598051e+00   1.1598051e+00
   2.7495263e+02   1.0090261e+05   3.5621966e+04   6.5280643e+04   2.6221168e+00   2.2593605e+00   1.1598051e+00   1.1598051e+00
   2.7269327e+02   1.1657090e+05   3.7481500e+04   7.9089402e+04   3.1767710e+00   2.2593605e+00   1.1598051e+00   1.1598051e+00
   2.7045334e+02   9.3039424e+04   3.8647689e+04   5.4391735e+04   2.1471649e+00   2.2204981e+00   1.1217137e+00   1.1583558e+00
   2.6827651e+02   1.3902929e+05   4.2187838e+04   9.6841453e+04   3.6725497e+00   2.1331643e+00   1.0950243e+00   1.0950243e+00
   2.6614334e+02   5.7445961e+04   4.5250075e+04   1.2195886e+04   4.6250851e-01   2.1331643e+00   1.0950243e+00   1.0950243e+00
   2.6401018e+02   5.5997320e+04   4.5613260e+04   1.0384059e+04   3.9379804e-01   2.1331643e+00   1.0950243e+00   1.0950243e+00
   2.6187701e+02   1.0868197e+05   3.8776002e+04   6.9905966e+04   2.6510665e+00   2.1331643e+00   1.0950243e+00   1.0950243e+00
   2.5978222e+02   5.4307789e+04   4.4334106e+04   9.9736835e+03   3.6462837e-01   2.0564246e+00   1.0393452e+00   1.0732781e+00
   2.5774930e+02   1.0122343e+05   4.5956449e+04   5.5266980e+04   1.9743115e+00   2.0094067e+00   1.0314955e+00   1.0314955e+00
   2.5573990e+02   1.0579232e+05   4.7214739e+04   5.8577584e+04   2.0925767e+00   2.0094067e+00   1.0314955e+00   1.0314955e+00
   2.5373049e+02   1.1008875e+05   4.4931034e+04   6.5157711e+04   2.3276397e+00   2.0094067e+00   1.0314955e+00   1.0314955e+00
   2.5172108e+02   5.6885280e+04   4.8394598e+04   8.4906818e+03   3.0331403e-01   2.0094067e+00   1.0314955e+00   1.0314955e+00
   2.4975069e+02   7.9316394e+04   4.7972452e+04   3.1343941e+04   1.0762209e+00   1.9313711e+00   9.7687119e-01   1.0073657e+00
   2.4784094e+02   1.7852413e+05   4.6905681e+04   1.3161845e+05   4.4180673e+00   1.8881369e+00   9.6924362e-01   9.6924362e-01
   2.4595280e+02   1.0375093e+05   5.0182262e+04   5.3568672e+04   1.7981522e+00   1.8881369e+00   9.6924362e-01   9.6924362e-01
   2.4406467e+02   1.5632533e+05   4.7919349e+04   1.0840598e+05   3.6388889e+00   1.8881369e+00   9.6924362e-01   9.6924362e-01
   2.4217653e+02   1.1126442e+05   4.6642788e+04   6.4621633e+04   2.1691695e+00   1.8881369e+00   9.6924362e-01   9.6924362e-01
   2.4030901e+02   2.1295656e+05   4.7423962e+04   1.6553260e+05   5.4351376e+00   1.8469066e+00   9.3409672e-01   9.6244597e-01
   2.3850085e+02   1.7266733e+05   5.0022664e+04   1.2264466e+05   3.8579665e+00   1.7694069e+00   9.0829553e-01   9.0829553e-01
   2.3673144e+02   1.5044260e+05   5.3982901e+04   9.6459704e+04   3.0342805e+00   1.7694069e+00   9.0829553e-01   9.0829553e-01
   2.3496204e+02   1.7615471e+05   5.2711588e+04   1.2344312e+05   3.8830831e+00   1.7694069e+00   9.0829553e-01   9.0829553e-01
   2.3319263e+02   1.1118506e+05   5.1232025e+04   5.9953032e+04   1.8859099e+00   1.7694069e+00   9.0829553e-01   9.0829553e-01
   2.3142322e+02   1.7989153e+05   5.3613441e+04   1.2627809e+05   3.9722612e+00   1.7694069e+00   9.0790463e-01   9.0829553e-01
   2.2969421e+02   3.5875873e+05   5.5997691e+04   3.0276104e+05   9.0889437e+00   1.6886177e+00   8.5058373e-01   8.8477740e-01
   2.2802327e+02   1.7588905e+05   6.3565665e+04   1.1232338e+05   3.3013882e+00   1.6532721e+00   8.4867968e-01   8.4867968e-01
   2.2636999e+02   3.4253992e+05   6.7012326e+04   2.7552759e+05   8.0982563e+00   1.6532721e+00   8.4867968e-01   8.4867968e-01
   2.2471672e+02   2.2702971e+05   7.0886773e+04   1.5614293e+05   4.5893244e+00   1.6532721e+00   8.4867968e-01   8.4867968e-01
   2.2306345e+02   3.4058288e+05   6.1832619e+04   2.7875026e+05   8.1929765e+00   1.6532721e+00   8.4867968e-01   8.4867968e-01
   2.2141018e+02   1.7794015e+05   5.6033286e+04   1.2190687e+05   3.5830642e+00   1.6532721e+00   8.4867968e-01   8.4867968e-01
   2.1979362e+02   2.4242747e+05   7.1846707e+04   1.7058077e+05   4.7910080e+00   1.5798460e+00   7.9816815e-01   8.2515742e-01
   2.1823380e+02   2.9015755e+05   7.6011554e+04   2.1414600e+05   5.8621114e+00   1.5397919e+00   7.9042650e-01   7.9042650e-01
   2.1669401e+02   3.3936258e+05   7.6182198e+04   2.6318039e+05   7.2043969e+00   1.5397919e+00   7.9042650e-01   7.9042650e-01
   2.1515421e+02   4.6789133e+05   7.2187637e+04   3.9570369e+05   1.0832139e+01   1.5397919e+00   7.9042650e-01   7.9042650e-01
   2.1361442e+02   1.8158193e+05   1.6172067e+05   1.9861269e+04   5.4368970e-01   1.5397919e+00   7.9042650e-01   7.9042650e-01
   2.1207463e+02   1.8264826e+05   8.2552112e+04   1.0009615e+05   2.7400689e+00   1.5397919e+00   7.9042650e-01   7.9042650e-01
   2.1054329e+02   2.7433462e+05   9.2104637e+04   1.8222998e+05   4.9336530e+00   1.5228835e+00   7.7200030e-01   7.9042650e-01
   2.0906734e+02   2.7480400e+05   8.1916083e+04   1.9288792e+05   4.9003642e+00   1.4290297e+00   7.3356858e-01   7.3425766e-01
   2.0763831e+02   1.6451933e+05   7.3427445e+04   9.1091884e+04   2.3142114e+00   1.4290297e+00   7.3356858e-01   7.3356858e-01
   2.0620928e+02   1.7753435e+05   7.8019244e+04   9.9515110e+04   2.5282055e+00   1.4290297e+00   7.3356858e-01   7.3356858e-01
   2.0478025e+02   2.6885466e+05   7.7028252e+04   1.9182641e+05   4.8733964e+00   1.4290297e+00   7.3356858e-01   7.3356858e-01
   2.0335122e+02   2.7524814e+05   8.3587309e+04   1.9166083e+05   4.8691899e+00   1.4290297e+00   7.3356858e-01   7.3356858e-01
   2.0192219e+02   4.6285697e+05   7.9784926e+04   3.8307204e+05   9.7320380e+00   1.4290297e+00   7.3356858e-01   7.3356858e-01
   2.0050152e+02   3.0127691e+05   8.2687083e+04   2.1858982e+05   5.4883311e+00   1.4123043e+00   7.1478885e-01   7.3356858e-01
   1.9913484e+02   2.1501452e+05   8.7732883e+04   1.2728164e+05   2.9892923e+00   1.3210539e+00   6.7814102e-01   6.8084621e-01
   1.9781379e+02   2.8812829e+05   8.6595663e+04   2.0153263e+05   4.7331253e+00   1.3210539e+00   6.7814102e-01   6.7814102e-01
   1.9649273e+02   4.3059701e+05   9.3172760e+04   3.3742425e+05   7.9246288e+00   1.3210539e+00   6.7814102e-01   6.7814102e-01
   1.9517168e+02   4.7074218e+05   8.4180244e+04   3.8656193e+05   9.0786592e+00   1.3210539e+00   6.7814102e-01   6.7814102e-01
   1.9385063e+02   4.6479900e+05   8.4922400e+04   3.7987659e+05   8.9216497e+00   1.3210539e+00   6.7814102e-01   6.7814102e-01
   1.9252957e+02   3.8528774e+05   2.0043326e+05   1.8485448e+05   4.3414280e+00   1.3210539e+00   6.7814102e-01   6.7814102e-01
   1.9120852e+02   3.5768928e+05   8.1463577e+04   2.7622570e+05   6.4873409e+00   1.3210539e+00   6.7814102e-01   6.7814102e-01
   1.8991822e+02   9.0833433e+04   8.7592961e+04   3.2404721e+03   7.2560945e-02   1.2595417e+00   6.3395122e-01   6.6045723e-01
   1.8868048e+02   3.4752307e+05   9.6067946e+04   2.5145513e+05   5.4356829e+00   1.2159383e+00   6.2418166e-01   6.2418166e-01
   1.8746454e+02   2.6759256e+05   9.4315833e+04   1.7327673e+05   3.7457075e+00   1.2159383e+00   6.2418166e-01   6.2418166e-01
   1.8624860e+02   2.2999136e+05   9.7073549e+04   1.3291781e+05   2.8732724e+00   1.2159383e+00   6.2418166e-01   6.2418166e-01
   1.8503267e+02   1.6898720e+05   9.0849688e+04   7.8137511e+04   1.6890915e+00   1.2159383e+00   6.2418166e-01   6.2418166e-01
   1.8381673e+02   1.7293886e+05   9.0932287e+04   8.2006577e+04   1.7727288e+00   1.2159383e+00   6.2418166e-01   6.2418166e-01
   1.8260079e+02   1.2538954e+05   1.1381196e+05   1.1577579e+04   2.5027149e-01   1.2159383e+00   6.2418166e-01   6.2418166e-01
   1.8138485e+02   8.3781765e+04   1.0846381e+05   1.0000000e+00  -5.3354959e-01   1.2159383e+00   6.2418166e-01   6.2418166e-01
   1.8018736e+02   1.5119082e+05   1.3278348e+05   1.8407337e+04   3.8583634e-01   1.1790442e+00   5.9089745e-01   6.2044557e-01
   1.7904096e+02   4.7619001e+05   1.3451908e+05   3.4167093e+05   6.7652315e+00   1.1137624e+00   5.7173137e-01   5.7173137e-01
   1.7792719e+02   1.5583023e+05   1.0690818e+05   4.8922051e+04   9.6867767e-01   1.1137624e+00   5.7173137e-01   5.7173137e-01
   1.7681343e+02   4.3265572e+05   1.3476027e+05   2.9789544e+05   5.8984581e+00   1.1137624e+00   5.7173137e-01   5.7173137e-01
   1.7569967e+02   1.9053678e+05   1.0626761e+05   8.4269166e+04   1.6685658e+00   1.1137624e+00   5.7173137e-01   5.7173137e-01
   1.7458591e+02   3.4932521e+05   1.0910566e+05   2.4021956e+05   4.7564507e+00   1.1137624e+00   5.7173137e-01   5.7173137e-01
   1.7347214e+02   2.7983400e+05   1.6506274e+05   1.1477126e+05   2.2725203e+00   1.1137624e+00   5.7173137e-01   5.7173137e-01
   1.7235838e+02   1.0317025e+05   9.7623805e+04   5.5464475e+03   1.0982205e-01   1.1137624e+00   5.7173137e-01   5.7173137e-01
   1.7124462e+02   2.3676080e+05   1.1291066e+05   1.2385014e+05   2.4522861e+00   1.1137624e+00   5.7173137e-01   5.7173137e-01
   1.7014982e+02   3.9122130e+05   1.0936895e+05   2.8185235e+05   5.3907329e+00   1.0758310e+00   5.3697298e-01   5.6865051e-01
   1.6910461e+02   5.4888853e+05   1.3111012e+05   4.1777841e+05   7.5356715e+00   1.0145977e+00   5.2082683e-01   5.2082683e-01
   1.6809001e+02   2.9536291e+05   1.3467194e+05   1.6069097e+05   2.8984609e+00   1.0145977e+00   5.2082683e-01   5.2082683e-01
   1.6707541e+02   2.5881257e+05   2.2343106e+05   3.5381516e+04   6.3819354e-01   1.0145977e+00   5.2082683e-01   5.2082683e-01
   1.6606082e+02   2.5044179e+05   1.8436349e+05   6.6078300e+04   1.1918863e+00   1.0145977e+00   5.2082683e-01   5.2082683e-01
   1.6504622e+02   2.4449869e+05   1.2189315e+05   1.2260555e+05   2.2114956e+00   1.0145977e+00   5.2082683e-01   5.2082683e-01
   1.6403162e+02   3.0239197e+05   1.5992900e+05   1.4246297e+05   2.5696736e+00   1.0145977e+00   5.2082683e-01   5.2082683e-01
   1.6301702e+02   2.4683778e+05   1.9017682e+05   5.6660960e+04   1.0220212e+00   1.0145977e+00   5.2082683e-01   5.2082683e-01
   1.6200242e+02   4.3299301e+05   1.2531631e+05   3.0767670e+05   5.5497137e+00   1.0145977e+00   5.2082683e-01   5.2082683e-01
   1.6098783e+02   1.2938439e+05   1.5147051e+05   1.0000000e+00  -3.9837799e-01   1.0145977e+00   5.2082683e-01   5.2082683e-01
   1.5999850e+02   3.6151626e+05   1.9160360e+05   1.6991266e+05   2.9121069e+00   9.6404983e-01   4.7618008e-01   5.1553671e-01
   1.5905719e+02   3.2840480e+05   1.4153799e+05   1.8686681e+05   3.0515906e+00   9.1856949e-01   4.7153234e-01   4.7153234e-01
   1.5813862e+02   4.9339559e+05   1.8664910e+05   3.0674649e+05   5.0092615e+00   9.1856949e-01   4.7153234e-01   4.7153234e-01
   1.5722005e+02   7.0175791e+05   1.7499680e+05   5.2676111e+05   8.6021656e+00   9.1856949e-01   4.7153234e-01   4.7153234e-01
   1.5630148e+02   4.3275758e+05   1.4456298e+05   2.8819460e+05   4.7063035e+00   9.1856949e-01   4.7153234e-01   4.7153234e-01
   1.5538292e+02   3.9726920e+05   1.4383135e+05   2.5343785e+05   4.1387155e+00   9.1856949e-01   4.7153234e-01   4.7153234e-01
   1.5446435e+02   2.6412673e+05   1.5511382e+05   1.0901291e+05   1.7802132e+00   9.1856949e-01   4.7153234e-01   4.7153234e-01
   1.5354578e+02   1.6813572e+05   1.3315143e+05   3.4984290e+04   5.7130387e-01   9.1856949e-01   4.7153234e-01   4.7153234e-01
   1.5262721e+02   1.4044218e+05   1.9923507e+05   1.0000000e+00  -9.6010535e-01   9.1856949e-01   4.7153234e-01   4.7153234e-01
   1.5170864e+02   3.9939534e+05   1.6176274e+05   2.3763260e+05   3.8806110e+00   9.1856949e-01   4.7153234e-01   4.7153234e-01
   1.5079007e+02   3.7738224e+05   1.6026746e+05   2.1711477e+05   3.5455489e+00   9.1856949e-01   4.7153234e-01   4.7153234e-01
   1.4990119e+02   6.4182229e+05   1.3472590e+05   5.0709639e+05   7.7456895e+00   8.5918657e-01   4.3044154e-01   4.5314489e-01
   1.4905871e+02   3.4102898e+05   1.3941022e+05   2.0161877e+05   2.9598601e+00   8.2576818e-01   4.2389433e-01   4.2389433e-01
   1.4823294e+02   1.2467693e+05   1.5214957e+05   1.0000000e+00  -4.0331148e-01   8.2576818e-01   4.2389433e-01   4.2389433e-01
   1.4740718e+02   3.7844312e+05   1.7513063e+05   2.0331249e+05   2.9847247e+00   8.2576818e-01   4.2389433e-01   4.2389433e-01
   1.4658141e+02   3.2633361e+05   1.5959742e+05   1.6673619e+05   2.4477671e+00   8.2576818e-01   4.2389433e-01   4.2389433e-01
   1.4575564e+02   2.6162620e+05   1.7025757e+05   9.1368631e+04   1.3413353e+00   8.2576818e-01   4.2389433e-01   4.2389433e-01
   1.4492987e+02   1.6883890e+05   1.7858767e+05   1.0000000e+00  -1.4311663e-01   8.2576818e-01   4.2389433e-01   4.2389433e-01
   1.4410410e+02   1.3347994e+05   1.5074989e+05   1.0000000e+00  -2.5353112e-01   8.2576818e-01   4.2389433e-01   4.2389433e-01
   1.4327834e+02   1.4665408e+05   1.8779498e+05   1.0000000e+00  -6.0396814e-01   8.2576818e-01   4.2389433e-01   4.2389433e-01
   1.4245257e+02   3.7158779e+05   1.5800080e+05   2.1358700e+05   3.1355595e+00   8.2576818e-01   4.2389433e-01   4.2389433e-01
   1.4162680e+02   1.8297688e+05   1.7779732e+05   5.1795593e+03   7.6038411e-02   8.2576818e-01   4.2389433e-01   4.2389433e-01
   1.4080103e+02   1.6030781e+05   1.7744999e+05   1.0000000e+00  -2.5165535e-01   8.2576818e-01   4.2382609e-01   4.2389433e-01
   1.3999897e+02   2.7042068e+05   1.5893060e+05   1.1149009e+05   1.5427599e+00   7.7835913e-01   3.8141334e-01   4.1990983e-01
   1.3924163e+02   2.9230849e+05   1.8990409e+05   1.0240439e+05   1.3404829e+00   7.3630985e-01   3.7797239e-01   3.7797239e-01
   1.3850532e+02   4.5115336e+05   1.8227230e+05   2.6888107e+05   3.5196779e+00   7.3630985e-01   3.7797239e-01   3.7797239e-01
   1.3776901e+02   3.9179568e+05   2.2059726e+05   1.7119842e+05   2.2410031e+00   7.3630985e-01   3.7797239e-01   3.7797239e-01
   1.3703270e+02   1.6523916e+05   2.0045190e+05   1.0000000e+00  -4.6093801e-01   7.3630985e-01   3.7797239e-01   3.7797239e-01
   1.3629639e+02   2.6180718e+05   2.4963585e+05   1.2171331e+04   1.5932384e-01   7.3630985e-01   3.7797239e-01   3.7797239e-01
   1.3556008e+02   2.4229871e+05   2.6716536e+05   1.0000000e+00  -3.2550681e-01   7.3630985e-01   3.7797239e-01   3.7797239e-01
   1.3482377e+02   2.9423441e+05   1.7921291e+05   1.1502150e+05   1.5056420e+00   7.3630985e-01   3.7797239e-01   3.7797239e-01
   1.3408746e+02   2.8793436e+05   2.1004256e+05   7.7891799e+04   1.0196108e+00   7.3630985e-01   3.7797239e-01   3.7797239e-01
   1.3335115e+02   1.4945210e+05   2.2901810e+05   1.0000000e+00  -1.0415263e+00   7.3630985e-01   3.7797239e-01   3.7797239e-01
   1.3261484e+02   2.1769726e+05   2.1735166e+05   3.4560519e+02   4.5240037e-03   7.3630985e-01   3.7797239e-01   3.7797239e-01
   1.3187853e+02   5.0546236e+05   3.9691760e+05   1.0854475e+05   1.4208608e+00   7.3630985e-01   3.7797239e-01   3.7797239e-01
   1.3114222e+02   1.4455120e+05   3.8584427e+05   1.0000000e+00  -3.1585485e+00   7.3630985e-01   3.7797239e-01   3.7797239e-01
   1.3040591e+02   3.7120983e+05   2.5782961e+05   1.1338022e+05   1.4841575e+00   7.3630985e-01   3.6985436e-01   3.7797239e-01
   1.2971039e+02   1.7493564e+05   3.7145620e+05   1.0000000e+00  -2.2874663e+00   6.5473359e-01   3.3383302e-01   3.4615062e-01
   1.2905786e+02   2.1638121e+05   2.6935204e+05   1.0000000e+00  -6.1241903e-01   6.5032407e-01   3.3383302e-01   3.3383302e-01
   1.2840754e+02   1.9837551e+05   2.3167392e+05   1.0000000e+00  -3.8497758e-01   6.5032407e-01   3.3383302e-01   3.3383302e-01
   1.2775722e+02   4.4332389e+05   2.2135635e+05   2.2196754e+05   2.5662642e+00   6.5032407e-01   3.3383302e-01   3.3383302e-01
   1.2710689e+02   1.9843828e+05   2.0304163e+05   1.0000000e+00  -5.3221307e-02   6.5032407e-01   3.3383302e-01   3.3383302e-01
   1.2645657e+02   1.9685753e+05   2.7406080e+05   1.0000000e+00  -8.9258092e-01   6.5032407e-01   3.3383302e-01   3.3383302e-01
   1.2580624e+02   1.7322653e+05   1.9128302e+05   1.0000000e+00  -2.0875905e-01   6.5032407e-01   3.3383302e-01   3.3383302e-01
   1.2515592e+02   1.5486626e+05   2.7838155e+05   1.0000000e+00  -1.4280146e+00   6.5032407e-01   3.3383302e-01   3.3383302e-01
   1.2450560e+02   3.3082730e+05   4.2407248e+05   1.0000000e+00  -1.0780485e+00   6.5032407e-01   3.3383302e-01   3.3383302e-01
   1.2385527e+02   3.0587269e+05   3.0475200e+05   1.1206882e+03   1.2956768e-02   6.5032407e-01   3.3383302e-01   3.3383302e-01
   1.2320495e+02   1.7391186e+05   3.0192001e+05   1.0000000e+00  -1.4799585e+00   6.5032407e-01   3.3383302e-01   3.3383302e-01
   1.2255462e+02   1.6653325e+05   3.7252958e+05   1.0000000e+00  -2.3816140e+00   6.5032407e-01   3.3383302e-01   3.3383302e-01
   1.2190430e+02   1.5851010e+05   3.4446534e+05   1.0000000e+00  -2.1499102e+00   6.5032407e-01   3.3383302e-01   3.3383302e-01
   1.2125398e+02   1.7608430e+05   3.3289799e+05   1.0000000e+00  -1.8129920e+00   6.5032407e-01   3.3383302e-01   3.3383302e-01
   1.2060365e+02   1.7998093e+05   3.6642453e+05   1.0000000e+00  -2.1555563e+00   6.5032407e-01   3.3383302e-01   3.3383302e-01
   1.1997687e+02   3.0739963e+05   2.8616507e+05   2.1234555e+04   2.2772328e-01   6.0322894e-01   2.9929163e-01   3.2161615e-01
   1.1939128e+02   2.3059473e+05   2.5858633e+05   1.0000000e+00  -2.8263441e-01   5.6795667e-01   2.9155109e-01   2.9155109e-01
   1.1882332e+02   1.8849257e+05   3.9686378e+05   1.0000000e+00  -2.1039480e+00   5.6795667e-01   2.9155109e-01   2.9155109e-01
   1.1825537e+02   2.5826569e+05   6.7575963e+05   1.0000000e+00  -4.2154841e+00   5.6795667e-01   2.9155109e-01   2.9155109e-01
   1.1768741e+02   3.3141818e+05   3.8717516e+05   1.0000000e+00  -5.6298455e-01   5.6795667e-01   2.9155109e-01   2.9155109e-01
   1.1711945e+02   3.5114169e+05   5.9811364e+05   1.0000000e+00  -2.4937040e+00   5.6795667e-01   2.9155109e-01   2.9155109e-01
   1.1655150e+02   3.2204072e+05   3.2199689e+05   4.3834973e+01   4.4260675e-04   5.6795667e-01   2.9155109e-01   2.9155109e-01
   1.1598354e+02   2.1366689e+05   4.3465722e+05   1.0000000e+00  -2.2313647e+00   5.6795667e-01   2.9155109e-01   2.9155109e-01
   1.1541558e+02   2.0616173e+05   2.2923587e+05   1.0000000e+00  -2.3298222e-01   5.6795667e-01   2.9155109e-01   2.9155109e-01
   1.1484763e+02   2.2529587e+05   4.5413263e+05   1.0000000e+00  -2.3105910e+00   5.6795667e-01   2.9155109e-01   2.9155109e-01
   1.1427967e+02   2.1553663e+05   3.9401029e+05   1.0000000e+00  -1.8020690e+00   5.6795667e-01   2.9155109e-01   2.9155109e-01
   1.1371171e+02   2.0037166e+05   3.3390170e+05   1.0000000e+00  -1.3482681e+00   5.6795667e-01   2.9155109e-01   2.9155109e-01
   1.1314376e+02   2.4084112e+05   3.9182189e+05   1.0000000e+00  -1.5244701e+00   5.6795667e-01   2.9155109e-01   2.9155109e-01
   1.1257580e+02   2.6761969e+05   3.7668317e+05   1.0000000e+00  -1.1012265e+00   5.6795667e-01   2.9155109e-01   2.9155109e-01
   1.1200784e+02   2.6290886e+05   4.8525793e+05   1.0000000e+00  -2.2450840e+00   5.6795667e-01   2.9155109e-01   2.9155109e-01
   1.1143989e+02   4.3018727e+05   3.5522142e+05   7.4965855e+04   7.5693883e-01   5.6795667e-01   2.9155109e-01   2.9155109e-01
   1.1087193e+02   2.0687825e+05   2.9577917e+05   1.0000000e+00  -8.9764282e-01   5.6795667e-01   2.9155109e-01   2.9155109e-01
   1.1030397e+02   3.6562889e+05   4.2734062e+05   1.0000000e+00  -6.2311036e-01   5.6795667e-01   2.8267502e-01   2.9155109e-01
   1.0977393e+02   4.0679001e+05   4.2242148e+05   1.0000000e+00  -1.3676371e-01   4.9214031e-01   2.5121176e-01   2.6323628e-01
   1.0928317e+02   7.8511376e+05   5.2134145e+05   2.6377231e+05   2.2948367e+00   4.8937355e-01   2.5121176e-01   2.5121176e-01
   1.0879380e+02   8.1718112e+05   6.9246368e+05   1.2471744e+05   1.0850500e+00   4.8937355e-01   2.5121176e-01   2.5121176e-01
   1.0830442e+02   2.3286056e+05   6.3737751e+05   1.0000000e+00  -3.5193244e+00   4.8937355e-01   2.5121176e-01   2.5121176e-01
   1.0781505e+02   2.2000401e+05   9.0859223e+05   1.0000000e+00  -5.9907634e+00   4.8937355e-01   2.5121176e-01   2.5121176e-01
   1.0732568e+02   5.3188289e+05   8.0938629e+05   1.0000000e+00  -2.4142980e+00   4.8937355e-01   2.5121176e-01   2.5121176e-01
   1.0683630e+02   3.4148593e+05   5.4089954e+05   1.0000000e+00  -1.7349116e+00   4.8937355e-01   2.5121176e-01   2.5121176e-01
   1.0634693e+02   2.5597636e+05   6.2990449e+05   1.0000000e+00  -3.2531996e+00   4.8937355e-01   2.5121176e-01   2.5121176e-01
   1.0585755e+02   2.5393717e+05   4.7022788e+05   1.0000000e+00  -1.8817436e+00   4.8937355e-01   2.5121176e-01   2.5121176e-01
   1.0536818e+02   6.2484554e+05   6.2075184e+05   4.0936957e+03   3.5615425e-02   4.8937355e-01   2.5121176e-01   2.5121176e-01
   1.0487881e+02   4.8067207e+05   4.2980925e+05   5.0862829e+04   4.4251000e-01   4.8937355e-01   2.5121176e-01   2.5121176e-01
   1.0438943e+02   1.2095379e+06   7.2628086e+05   4.8325708e+05   4.2043688e+00   4.8937355e-01   2.5121176e-01   2.5121176e-01
   1.0390006e+02   1.6046326e+06   4.6942388e+05   1.1352087e+06   9.8763911e+00   4.8937355e-01   2.5121176e-01   2.5121176e-01
   1.0341069e+02   1.0096328e+06   6.0530362e+05   4.0432914e+05   3.5176904e+00   4.8937355e-01   2.5121176e-01   2.5121176e-01
   1.0292131e+02   6.2184208e+05   5.1529403e+05   1.0654806e+05   9.2697522e-01   4.8937355e-01   2.5121176e-01   2.5121176e-01
   1.0243194e+02   5.0153474e+05   4.7198157e+05   2.9553170e+04   2.5711455e-01   4.8937355e-01   2.5121176e-01   2.5121176e-01
   1.0194257e+02   7.8537877e+05   3.7614407e+05   4.0923470e+05   3.5603691e+00   4.8937355e-01   2.5121176e-01   2.5121176e-01
   1.0145319e+02   7.7591387e+05   4.7927275e+05   2.9664112e+05   2.5807975e+00   4.8937355e-01   2.5121176e-01   2.5121176e-01
   1.0096382e+02   1.1081282e+06   5.1625180e+05   5.9187644e+05   5.1493645e+00   4.8937355e-01   2.5121176e-01   2.5121176e-01
   1.0047445e+02   9.3974121e+05   5.4137140e+05   3.9836981e+05   3.4658439e+00   4.8937355e-01   2.5121176e-01   2.5121176e-01
   1.0000486e+02   1.2387581e+06   3.9132913e+05   8.4742893e+05   6.7763966e+00   4.4979378e-01   2.2194738e-01   2.4142692e-01
   9.9572582e+01   9.3784550e+05   4.3172367e+05   5.0612183e+05   3.7319858e+00   4.1476570e-01   2.1291306e-01   2.1291306e-01
   9.9157817e+01   1.2273480e+06   3.5166669e+05   8.7568130e+05   6.4570031e+00   4.1476570e-01   2.1291306e-01   2.1291306e-01
   9.8743051e+01   8.4324499e+05   3.2976944e+05   5.1347555e+05   3.7862099e+00   4.1476570e-01   2.1291306e-01   2.1291306e-01
   9.8328285e+01   4.6864583e+05   4.3588271e+05   3.2763121e+04   2.4158513e-01   4.1476570e-01   2.1291306e-01   2.1291306e-01
   9.7913519e+01   4.1088563e+05   3.9035465e+05   2.0530987e+04   1.5138915e-01   4.1476570e-01   2.1291306e-01   2.1291306e-01
   9.7498754e+01   7.2092325e+05   3.8289704e+05   3.3802620e+05   2.4925007e+00   4.1476570e-01   2.1291306e-01   2.1291306e-01
   9.7083988e+01   6.7340682e+05   3.8792951e+05   2.8547731e+05   2.1050214e+00   4.1476570e-01   2.1291306e-01   2.1291306e-01
   9.6669222e+01   6.1876352e+05   4.0493057e+05   2.1383295e+05   1.5767381e+00   4.1476570e-01   2.1291306e-01   2.1291306e-01
   9.6254457e+01   4.5778321e+05   2.6730061e+05   1.9048260e+05   1.4045598e+00   4.1476570e-01   2.1291306e-01   2.1291306e-01
   9.5839691e+01   6.4395562e+05   3.8884768e+05   2.5510795e+05   1.8810871e+00   4.1476570e-01   2.1291306e-01   2.1291306e-01
   9.5424925e+01   4.8441132e+05   5.3610516e+05   1.0000000e+00  -3.8117433e-01   4.1476570e-01   2.1291306e-01   2.1291306e-01
   9.5010159e+01   8.2820882e+05   3.7555650e+05   4.5265232e+05   3.3377182e+00   4.1476570e-01   2.1291306e-01   2.1291306e-01
   9.4595394e+01   9.2881309e+05   3.7163440e+05   5.5717870e+05   4.1084634e+00   4.1476570e-01   2.1291306e-01   2.1291306e-01
   9.4180628e+01   8.0978458e+05   3.3279633e+05   4.7698825e+05   3.5171638e+00   4.1476570e-01   2.1291306e-01   2.1291306e-01
   9.3765862e+01   6.4272791e+05   3.6520836e+05   2.7751955e+05   2.0463434e+00   4.1476570e-01   2.1291306e-01   2.1291306e-01
   9.3351097e+01   7.8992191e+05   3.6111723e+05   4.2880467e+05   3.1618731e+00   4.1476570e-01   2.1291306e-01   2.1291306e-01
   9.2936331e+01   5.6691576e+05   3.1859636e+05   2.4831940e+05   1.8310304e+00   4.1476570e-01   2.1291306e-01   2.1291306e-01
   9.2521565e+01   3.3364928e+05   3.0730482e+05   2.6344453e+04   1.9425585e-01   4.1476570e-01   2.1291306e-01   2.1291306e-01
   9.2106800e+01   5.7577967e+05   3.5098911e+05   2.2479057e+05   1.6575361e+00   4.1476570e-01   2.1291306e-01   2.1291306e-01
   9.1692034e+01   6.2843772e+05   3.1703454e+05   3.1140318e+05   2.2961907e+00   4.1476570e-01   2.1291306e-01   2.1291306e-01
   9.1277268e+01   6.9691652e+05   2.3847989e+05   4.5843663e+05   3.3803699e+00   4.1476570e-01   2.1291306e-01   2.1291306e-01
   9.0862502e+01   8.1879553e+05   2.5466891e+05   5.6412663e+05   4.1596953e+00   4.1476570e-01   2.1291306e-01   2.1291306e-01
   9.0447737e+01   5.1678290e+05   3.1295825e+05   2.0382465e+05   1.5029399e+00   4.1476570e-01   2.1291306e-01   2.1291306e-01
   9.0047779e+01   4.6011230e+05   3.9588092e+05   6.4231379e+04   4.3980479e-01   3.8515064e-01   1.8827450e-01   2.0881620e-01
   8.9683034e+01   7.7649913e+05   3.4942039e+05   4.2707874e+05   2.6144227e+00   3.4433865e-01   1.7676050e-01   1.7676050e-01
   8.9338695e+01   6.5760477e+05   2.9484674e+05   3.6275803e+05   2.2206744e+00   3.4433865e-01   1.7676050e-01   1.7676050e-01
   8.8994357e+01   7.7096472e+05   3.0945278e+05   4.6151194e+05   2.8252103e+00   3.4433865e-01   1.7676050e-01   1.7676050e-01
   8.8650018e+01   5.2329045e+05   3.4232627e+05   1.8096418e+05   1.1077977e+00   3.4433865e-01   1.7676050e-01   1.7676050e-01
   8.8305679e+01   6.3335660e+05   3.4285785e+05   2.9049875e+05   1.7783290e+00   3.4433865e-01   1.7676050e-01   1.7676050e-01
   8.7961341e+01   8.9553594e+05   3.2713319e+05   5.6840275e+05   3.4795575e+00   3.4433865e-01   1.7676050e-01   1.7676050e-01
   8.7617002e+01   1.2885934e+06   2.9004700e+05   9.9854638e+05   6.1127424e+00   3.4433865e-01   1.7676050e-01   1.7676050e-01
   8.7272663e+01   1.3960581e+06   3.2127465e+05   1.0747835e+06   6.5794384e+00   3.4433865e-01   1.7676050e-01   1.7676050e-01
   8.6928325e+01   1.6974223e+06   3.6789268e+05   1.3295297e+06   8.1389031e+00   3.4433865e-01   1.7676050e-01   1.7676050e-01
   8.6583986e+01   2.0534331e+06   3.1889978e+05   1.7345333e+06   1.0618190e+01   3.4433865e-01   1.7676050e-01   1.7676050e-01
   8.6239647e+01   1.3658917e+06   3.2608825e+05   1.0398035e+06   6.3653034e+00   3.4433865e-01   1.7676050e-01   1.7676050e-01
   8.5895309e+01   1.0357005e+06   3.1726769e+05   7.1843278e+05   4.3979875e+00   3.4433865e-01   1.7676050e-01   1.7676050e-01
   8.5550970e+01   1.6655203e+06   3.2429427e+05   1.3412261e+06   8.2105043e+00   3.4433865e-01   1.7676050e-01   1.7676050e-01
   8.5206632e+01   1.4007206e+06   2.7913430e+05   1.1215863e+06   6.8659484e+00   3.4433865e-01   1.7676050e-01   1.7676050e-01
   8.4862293e+01   1.6593752e+06   3.0913952e+05   1.3502357e+06   8.2656579e+00   3.4433865e-01   1.7676050e-01   1.7676050e-01
   8.4517954e+01   1.2077330e+06   2.8979943e+05   9.1793353e+05   5.6192594e+00   3.4433865e-01   1.7676050e-01   1.7676050e-01
   8.4173616e+01   1.0542695e+06   3.2531745e+05   7.2895203e+05   4.4623826e+00   3.4433865e-01   1.7676050e-01   1.7676050e-01
   8.3829277e+01   1.1094539e+06   3.0467962e+05   8.0477425e+05   4.9265390e+00   3.4433865e-01   1.7676050e-01   1.7676050e-01
   8.3484938e+01   9.9789208e+05   2.8080234e+05   7.1708974e+05   4.3897659e+00   3.4433865e-01   1.7676050e-01   1.7676050e-01
   8.3140600e+01   8.2396969e+05   2.8060756e+05   5.4336213e+05   3.3262678e+00   3.4433865e-01   1.7676050e-01   1.7676050e-01
   8.2796261e+01   1.0752794e+06   2.8306259e+05   7.9221685e+05   4.8496671e+00   3.4433865e-01   1.7676050e-01   1.7676050e-01
   8.2451922e+01   1.4588980e+06   2.9116391e+05   1.1677341e+06   7.1484489e+00   3.4433865e-01   1.7676050e-01   1.7676050e-01
   8.2107584e+01   1.0419423e+06   3.2326271e+05   7.1867958e+05   4.3994983e+00   3.4433865e-01   1.7676050e-01   1.7676050e-01
   8.1763245e+01   6.2089180e+05   2.9506762e+05   3.2582418e+05   1.9945786e+00   3.4433865e-01   1.7676050e-01   1.7676050e-01
   8.1418906e+01   8.7263445e+05   2.7598470e+05   5.9664975e+05   3.6524755e+00   3.4433865e-01   1.7676050e-01   1.7676050e-01
   8.1074568e+01   1.1882579e+06   2.6508432e+05   9.2317358e+05   5.6513372e+00   3.4433865e-01   1.7676050e-01   1.7676050e-01
   8.0730229e+01   9.5972596e+05   2.5086008e+05   7.0886588e+05   4.3394224e+00   3.4433865e-01   1.7676050e-01   1.7676050e-01
   8.0385890e+01   7.6233597e+05   2.6638996e+05   4.9594602e+05   3.0360034e+00   3.4433865e-01   1.7676050e-01   1.7676050e-01
   8.0054061e+01   5.9645779e+05   2.7790134e+05   3.1855646e+05   1.8083993e+00   3.1931979e-01   1.5389287e-01   1.7597563e-01
   7.9755210e+01   6.3412935e+05   3.4637471e+05   2.8775464e+05   1.4241219e+00   2.7838303e-01   1.4290329e-01   1.4290329e-01
   7.9476827e+01   8.5259846e+05   3.5146820e+05   5.0113026e+05   2.4801358e+00   2.7838303e-01   1.4290329e-01   1.4290329e-01
   7.9198444e+01   9.8816271e+05   3.6733480e+05   6.2082791e+05   3.0725295e+00   2.7838303e-01   1.4290329e-01   1.4290329e-01
   7.8920061e+01   6.6523797e+05   3.5431962e+05   3.1091835e+05   1.5387611e+00   2.7838303e-01   1.4290329e-01   1.4290329e-01
   7.8641678e+01   5.6631005e+05   3.2422107e+05   2.4208898e+05   1.1981187e+00   2.7838303e-01   1.4290329e-01   1.4290329e-01
   7.8363295e+01   7.1473158e+05   3.4233682e+05   3.7239476e+05   1.8430130e+00   2.7838303e-01   1.4290329e-01   1.4290329e-01
   7.8084912e+01   7.3073859e+05   3.6447349e+05   3.6626511e+05   1.8126768e+00   2.7838303e-01   1.4290329e-01   1.4290329e-01
   7.7806529e+01   8.6880694e+05   2.9245513e+05   5.7635182e+05   2.8524136e+00   2.7838303e-01   1.4290329e-01   1.4290329e-01
   7.7528146e+01   8.8668939e+05   3.3163472e+05   5.5505467e+05   2.7470122e+00   2.7838303e-01   1.4290329e-01   1.4290329e-01
   7.7249763e+01   8.2068924e+05   3.5828665e+05   4.6240259e+05   2.2884693e+00   2.7838303e-01   1.4290329e-01   1.4290329e-01
   7.6971380e+01   7.1585488e+05   3.4893439e+05   3.6692048e+05   1.8159203e+00   2.7838303e-01   1.4290329e-01   1.4290329e-01
   7.6692997e+01   8.7433213e+05   3.3301148e+05   5.4132066e+05   2.6790415e+00   2.7838303e-01   1.4290329e-01   1.4290329e-01
   7.6414614e+01   7.1205098e+05   3.4088739e+05   3.7116359e+05   1.8369198e+00   2.7838303e-01   1.4290329e-01   1.4290329e-01
   7.6136230e+01   7.5104041e+05   3.0164955e+05   4.4939087e+05   2.2240732e+00   2.7838303e-01   1.4290329e-01   1.4290329e-01
   7.5857847e+01   5.3143004e+05   3.3133647e+05   2.0009357e+05   9.9027992e-01   2.7838303e-01   1.4290329e-01   1.4290329e-01
   7.5579464e+01   9.1151661e+05   2.9014526e+05   6.2137135e+05   3.0752191e+00   2.7838303e-01   1.4290329e-01   1.4290329e-01
   7.5301081e+01   9.3039706e+05   3.3886352e+05   5.9153353e+05   2.9275492e+00   2.7838303e-01   1.4290329e-01   1.4290329e-01
   7.5022698e+01   8.9096158e+05   3.0994846e+05   5.8101311e+05   2.8754828e+00   2.7838303e-01   1.4290329e-01   1.4290329e-01
   7.4744315e+01   5.5969568e+05   2.9526006e+05   2.6443562e+05   1.3087141e+00   2.7838303e-01   1.4290329e-01   1.4290329e-01
   7.4465932e+01   5.3317872e+05   3.0202704e+05   2.3115168e+05   1.1439891e+00   2.7838303e-01   1.4290329e-01   1.4290329e-01
   7.4187549e+01   4.7868818e+05   2.8561647e+05   1.9307171e+05   9.5552811e-01   2.7838303e-01   1.4290329e-01   1.4290329e-01
   7.3909166e+01   6.9071930e+05   2.8462338e+05   4.0609592e+05   2.0098029e+00   2.7838303e-01   1.4290329e-01   1.4290329e-01
   7.3630783e+01   4.7230075e+05   2.9492523e+05   1.7737553e+05   8.7784640e-01   2.7838303e-01   1.4290329e-01   1.4290329e-01
   7.3352400e+01   6.2482336e+05   2.7994985e+05   3.4487351e+05   1.7068080e+00   2.7838303e-01   1.4290329e-01   1.4290329e-01
   7.3074017e+01   7.7902391e+05   3.3330290e+05   4.4572101e+05   2.2059108e+00   2.7838303e-01   1.4290329e-01   1.4290329e-01
   7.2795634e+01   6.3900074e+05   3.5137144e+05   2.8762930e+05   1.4235016e+00   2.7838303e-01   1.4290329e-01   1.4290329e-01
   7.2517251e+01   6.2549289e+05   3.4155542e+05   2.8393747e+05   1.4052304e+00   2.7838303e-01   1.4290329e-01   1.4290329e-01
   7.2238868e+01   6.7887828e+05   2.9625873e+05   3.8261955e+05   1.8936163e+00   2.7838303e-01   1.4290329e-01   1.4290329e-01
   7.1960485e+01   8.1800433e+05   3.0654962e+05   5.1145470e+05   2.5312324e+00   2.7838303e-01   1.4290329e-01   1.4290329e-01
   7.1682102e+01   6.2915793e+05   2.8923899e+05   3.3991895e+05   1.6822875e+00   2.7838303e-01   1.4290329e-01   1.4290329e-01
   7.1403719e+01   7.4338560e+05   3.0307243e+05   4.4031317e+05   2.1791469e+00   2.7838303e-01   1.4290329e-01   1.4290329e-01
   7.1125336e+01   4.3622115e+05   3.3801772e+05   9.8203423e+04   4.8601700e-01   2.7838303e-01   1.4290329e-01   1.4290329e-01
   7.0846953e+01   6.1577372e+05   3.1983248e+05   2.9594124e+05   1.4646381e+00   2.7838303e-01   1.4290329e-01   1.4290329e-01
   7.0568570e+01   6.6473377e+05   3.4459077e+05   3.2014300e+05   1.5844146e+00   2.7838303e-01   1.4290329e-01   1.4290329e-01
   7.0290187e+01   6.7262903e+05   2.8052435e+05   3.9210469e+05   1.9405591e+00   2.7838303e-01   1.4290329e-01   1.4290329e-01
   7.0025798e+01   4.9946280e+05   3.4279899e+05   1.5666381e+05   6.9738807e-01   2.5039390e-01   1.1826119e-01   1.4150927e-01
   6.9791993e+01   8.2983280e+05   3.3094272e+05   4.9889008e+05   1.9265590e+00   2.1721777e-01   1.1150512e-01   1.1150512e-01
   6.9574775e+01   6.5272643e+05   3.5177365e+05   3.0095277e+05   1.1621864e+00   2.1721777e-01   1.1150512e-01   1.1150512e-01
   6.9357557e+01   7.1516199e+05   3.8121439e+05   3.3394760e+05   1.2896022e+00   2.1721777e-01   1.1150512e-01   1.1150512e-01
   6.9140339e+01   5.8859485e+05   3.5439300e+05   2.3420185e+05   9.0441503e-01   2.1721777e-01   1.1150512e-01   1.1150512e-01
   6.8923122e+01   5.8583512e+05   3.2674126e+05   2.5909386e+05   1.0005402e+00   2.1721777e-01   1.1150512e-01   1.1150512e-01
   6.8705904e+01   4.5759853e+05   3.2923476e+05   1.2836377e+05   4.9570112e-01   2.1721777e-01   1.1150512e-01   1.1150512e-01
   6.8488686e+01   5.3151666e+05   3.1796953e+05   2.1354714e+05   8.2465291e-01   2.1721777e-01   1.1150512e-01   1.1150512e-01
   6.8271468e+01   3.6208675e+05   2.4895845e+05   1.1312829e+05   4.3686644e-01   2.1721777e-01   1.1150512e-01   1.1150512e-01
   6.8054250e+01   2.9162294e+03   3.9912739e+03   1.0000000e+00  -4.1514890e-03   2.1721777e-01   1.1150512e-01   1.1150512e-01
   6.7837033e+01   0.0000000e+00   0.0000000e+00   1.0000000e+00   0.0000000e+00   2.1721777e-01   1.1150512e-01   1.1150512e-01
   6.7619815e+01   0.0000000e+00   0.0000000e+00   1.0000000e+00   0.0000000e+00   2.1721777e-01   1.1150512e-01   1.1150512e-01
   6.7402597e+01   0.0000000e+00   0.0000000e+00   1.0000000e+00   0.0000000e+00   2.1721777e-01   1.1150512e-01   1.1150512e-01
