1	3.84E+01	1.15E+02	0.0043
1.1	4.03E+01	1.17E+02	0.0046
1.2	4.21E+01	1.18E+02	0.0049
1.3	4.38E+01	1.20E+02	0.0052
1.4	4.54E+01	1.21E+02	0.0056
1.5	4.70E+01	1.22E+02	0.0059
1.6	4.86E+01	1.23E+02	0.0061
1.7	5.01E+01	1.24E+02	0.0064
1.8	5.15E+01	1.25E+02	0.0067
2	5.43E+01	1.26E+02	0.0073
2.25	5.76E+01	1.28E+02	0.008
2.5	6.07E+01	1.29E+02	0.0088
2.75	6.37E+01	1.29E+02	0.0095
3	6.65E+01	1.30E+02	0.0102
3.25	6.92E+01	1.30E+02	0.0109
3.5	7.19E+01	1.30E+02	0.0116
3.75	7.44E+01	1.30E+02	0.0123
4	7.68E+01	1.30E+02	0.013
4.5	8.15E+01	1.30E+02	0.0143
5	8.59E+01	1.30E+02	0.0157
5.5	9.01E+01	1.29E+02	0.0171
6	9.41E+01	1.28E+02	0.0184
6.5	9.79E+01	1.27E+02	0.0198
7	1.02E+02	1.26E+02	0.0211
8	1.09E+02	1.24E+02	0.0239
9	1.15E+02	1.22E+02	0.0266
10	1.21E+02	1.20E+02	0.0293
11	1.27E+02	1.17E+02	0.0319
12	1.33E+02	1.15E+02	0.0346
13	1.38E+02	1.13E+02	0.0373
14	1.44E+02	1.11E+02	0.04
15	1.49E+02	1.09E+02	0.0427
16	1.54E+02	1.07E+02	0.0453
17	1.58E+02	1.06E+02	0.048
18	1.63E+02	1.04E+02	0.0506
20	1.72E+02	1.00E+02	0.0559
22.5	1.82E+02	9.66E+01	0.0625
25	1.97E+02	9.30E+01	0.0689
27.5	2.16E+02	8.98E+01	0.0752
30	2.33E+02	8.68E+01	0.0812
32.5	2.48E+02	8.40E+01	0.087
35	2.60E+02	8.14E+01	0.0928
37.5	2.71E+02	7.90E+01	0.0984
40	2.80E+02	7.68E+01	0.104
45	2.96E+02	7.27E+01	0.115
50	3.09E+02	6.91E+01	0.1259
55	3.20E+02	6.59E+01	0.1366
60	3.29E+02	6.31E+01	0.1474
65	3.37E+02	6.05E+01	0.158
70	3.44E+02	5.81E+01	0.1687
80	3.56E+02	5.40E+01	0.1899
90	3.67E+02	5.06E+01	0.2109
100	3.78E+02	4.76E+01	0.2318
110	3.89E+02	4.49E+01	0.2524
120	3.99E+02	4.26E+01	0.2729
130	4.09E+02	4.06E+01	0.2931
140	4.20E+02	3.88E+01	0.313
150	4.30E+02	3.71E+01	0.3327
160	4.40E+02	3.56E+01	0.3521
170	4.51E+02	3.43E+01	0.3712
180	4.61E+02	3.30E+01	0.39
200	4.83E+02	3.08E+01	0.4268
225	5.09E+02	2.85E+01	0.4712
250	5.36E+02	2.65E+01	0.5139
275	5.62E+02	2.48E+01	0.5549
300	5.88E+02	2.34E+01	0.5945
325	6.13E+02	2.21E+01	0.6327
350	6.38E+02	2.10E+01	0.6696
375	6.62E+02	2.00E+01	0.7053
400	6.85E+02	1.90E+01	0.7399
450	7.30E+02	1.75E+01	0.8063
500	7.72E+02	1.62E+01	0.8693
550	8.11E+02	1.51E+01	0.9294
600	8.47E+02	1.41E+01	0.987
650	8.81E+02	1.33E+01	1.04
700	9.12E+02	1.26E+01	1.1
800	9.69E+02	1.14E+01	1.2
900	1.02E+03	1.04E+01	1.3
1000	1.06E+03	9.59E+00	1.39
1100	1.10E+03	8.91E+00	1.48
1200	1.13E+03	8.32E+00	1.57
1300	1.15E+03	7.81E+00	1.66
1400	1.18E+03	7.37E+00	1.74
1500	1.20E+03	6.98E+00	1.82
1600	1.22E+03	6.63E+00	1.9
1700	1.23E+03	6.32E+00	1.99
1800	1.25E+03	6.04E+00	2.06
2000	1.27E+03	5.54E+00	2.22
2250	1.29E+03	5.04E+00	2.42
2500	1.30E+03	4.63E+00	2.61
2750	1.31E+03	4.29E+00	2.8
3000	1.32E+03	3.99E+00	2.99
3250	1.32E+03	3.74E+00	3.17
3500	1.32E+03	3.52E+00	3.36
3750	1.32E+03	3.32E+00	3.55
4000	1.32E+03	3.15E+00	3.74
4500	1.32E+03	2.86E+00	4.11
5000	1.31E+03	2.62E+00	4.49
5500	1.30E+03	2.41E+00	4.87
6000	1.29E+03	2.25E+00	5.26
6500	1.28E+03	2.10E+00	5.64
7000	1.27E+03	1.97E+00	6.03
8000	1.25E+03	1.76E+00	6.82
9000	1.23E+03	1.59E+00	7.63
10000	1.21E+03	1.46E+00	8.44
11000	1.19E+03	1.34E+00	9.27
12000	1.17E+03	1.25E+00	10.12
13000	1.15E+03	1.16E+00	10.98
14000	1.13E+03	1.09E+00	11.86
15000	1.11E+03	1.03E+00	12.75
16000	1.09E+03	9.74E-01	13.66
17000	1.07E+03	9.25E-01	14.58
18000	1.05E+03	8.80E-01	15.52
20000	1.02E+03	8.04E-01	17.44
22500	9.79E+02	7.25E-01	19.94
25000	9.41E+02	6.62E-01	22.54
27500	9.00E+02	6.09E-01	25.26
30000	8.59E+02	5.65E-01	28.1
32500	8.25E+02	5.27E-01	31.06
35000	7.93E+02	4.93E-01	34.15
37500	7.63E+02	4.64E-01	37.36
40000	7.35E+02	4.39E-01	40.7
45000	6.85E+02	3.96E-01	47.74
50000	6.40E+02	3.61E-01	55.28
55000	6.01E+02	3.32E-01	63.34
60000	5.66E+02	3.07E-01	71.92
65000	5.34E+02	2.86E-01	81.01
70000	5.06E+02	2.68E-01	90.62
80000	4.57E+02	2.38E-01	111.4
90000	4.17E+02	2.14E-01	134.28
100000	3.84E+02	1.95E-01	159.25
110000	3.56E+02	1.79E-01	186.3
120000	3.32E+02	1.66E-01	215.41
130000	3.11E+02	1.55E-01	246.55
140000	2.93E+02	1.45E-01	279.71
150000	2.77E+02	1.36E-01	314.86
160000	2.62E+02	1.28E-01	351.96
170000	2.50E+02	1.22E-01	390.99
180000	2.39E+02	1.15E-01	431.93
200000	2.19E+02	1.05E-01	519.35
225000	2.00E+02	9.45E-02	638.82
250000	1.84E+02	8.59E-02	769.38
275000	1.70E+02	7.89E-02	910.71
300000	1.59E+02	7.29E-02	1060
325000	1.49E+02	6.78E-02	1220
350000	1.41E+02	6.34E-02	1400
375000	1.33E+02	5.96E-02	1580
400000	1.27E+02	5.62E-02	1770
450000	1.15E+02	5.05E-02	2190
500000	1.06E+02	4.59E-02	2640
550000	9.83E+01	4.21E-02	3130
600000	9.18E+01	3.89E-02	3650
650000	8.62E+01	3.62E-02	4220
700000	8.14E+01	3.38E-02	4810
800000	7.34E+01	3.00E-02	6110
900000	6.71E+01	2.69E-02	7530
1000000	6.19E+01	2.44E-02	9080