  5.0000000e+005  1.0000000e-001  1.0000000e-001  5.0000000e+004  1.0875269e+000  1.5662872e+000  3.8914856e+000  1.5576728e+001
  5.0000000e+005  1.0000000e-001  2.0000000e-001  5.0000000e+004  1.6692396e+000  2.4038651e+000  5.9798427e+000  2.3921084e+001
  5.0000000e+005  1.0000000e-001  3.0000000e-001  5.0000000e+004  2.1666539e+000  3.1203959e+000  7.7738414e+000  3.1096892e+001
  5.0000000e+005  1.0000000e-001  4.0000000e-001  5.0000000e+004  2.6008544e+000  3.7448380e+000  9.3466670e+000  3.7354915e+001
  5.0000000e+005  1.0000000e-001  5.0000000e-001  5.0000000e+004  2.9796530e+000  4.2905321e+000  1.0708376e+001  4.2810183e+001
  5.0000000e+005  1.0000000e-001  6.0000000e-001  5.0000000e+004  3.3131769e+000  4.7707565e+000  1.1911198e+001  4.7613051e+001
  5.0000000e+005  1.0000000e-001  7.0000000e-001  5.0000000e+004  3.6112766e+000  5.2000169e+000  1.2983279e+001  5.1894973e+001
  5.0000000e+005  1.0000000e-001  8.0000000e-001  5.0000000e+004  3.8772604e+000  5.5827761e+000  1.3936168e+001  5.5716767e+001
  5.0000000e+005  1.0000000e-001  9.0000000e-001  5.0000000e+004  4.1170948e+000  5.9282818e+000  1.4800256e+001  5.9176501e+001
  5.0000000e+005  1.0000000e-001  1.0000000e+000  5.0000000e+004  4.3336514e+000  6.2405366e+000  1.5581999e+001  6.2301797e+001
  5.0000000e+005  2.0000000e-001  1.0000000e-001  1.0000000e+005  1.4653123e+000  2.1093102e+000  5.2087512e+000  2.0839022e+001
  5.0000000e+005  2.0000000e-001  2.0000000e-001  1.0000000e+005  2.6771676e+000  3.8550767e+000  9.6014569e+000  3.8355810e+001
  5.0000000e+005  2.0000000e-001  3.0000000e-001  1.0000000e+005  3.7187709e+000  5.3547383e+000  1.3337864e+001  5.3353856e+001
  5.0000000e+005  2.0000000e-001  4.0000000e-001  1.0000000e+005  4.6241039e+000  6.6583737e+000  1.6597925e+001  6.6384508e+001
  5.0000000e+005  2.0000000e-001  5.0000000e-001  1.0000000e+005  5.4160722e+000  7.7992962e+000  1.9464712e+001  7.7835803e+001
  5.0000000e+005  2.0000000e-001  6.0000000e-001  1.0000000e+005  6.1003901e+000  8.7991458e+000  2.1977290e+001  8.7887998e+001
  5.0000000e+005  2.0000000e-001  7.0000000e-001  1.0000000e+005  6.7235066e+000  9.6943692e+000  2.4212312e+001  9.6845915e+001
  5.0000000e+005  2.0000000e-001  8.0000000e-001  1.0000000e+005  7.2828828e+000  1.0499215e+001  2.6204683e+001  1.0497793e+002
  5.0000000e+005  2.0000000e-001  9.0000000e-001  1.0000000e+005  7.7849265e+000  1.1221593e+001  2.8024509e+001  1.1219048e+002
  5.0000000e+005  2.0000000e-001  1.0000000e+000  1.0000000e+005  8.2428082e+000  1.1877651e+001  2.9658573e+001  1.1869303e+002
  5.0000000e+005  3.0000000e-001  1.0000000e-001  1.5000000e+005  1.1828983e+000  1.7031596e+000  4.0236311e+000  1.6097431e+001
  5.0000000e+005  3.0000000e-001  2.0000000e-001  1.5000000e+005  3.0460000e+000  4.3859052e+000  1.0831960e+001  4.3331320e+001
  5.0000000e+005  3.0000000e-001  3.0000000e-001  1.5000000e+005  4.6708885e+000  6.7261624e+000  1.6705741e+001  6.6819262e+001
  5.0000000e+005  3.0000000e-001  4.0000000e-001  1.5000000e+005  6.0699106e+000  8.7554410e+000  2.1796723e+001  8.7175799e+001
  5.0000000e+005  3.0000000e-001  5.0000000e-001  1.5000000e+005  7.3162923e+000  1.0546705e+001  2.6268926e+001  1.0523458e+002
  5.0000000e+005  3.0000000e-001  6.0000000e-001  1.5000000e+005  8.4303804e+000  1.2141742e+001  3.0220824e+001  1.2091906e+002
  5.0000000e+005  3.0000000e-001  7.0000000e-001  1.5000000e+005  9.4225277e+000  1.3559369e+001  3.3717461e+001  1.3499354e+002
  5.0000000e+005  3.0000000e-001  8.0000000e-001  1.5000000e+005  1.0299157e+001  1.4820422e+001  3.6877213e+001  1.4759402e+002
  5.0000000e+005  3.0000000e-001  9.0000000e-001  1.5000000e+005  1.1084539e+001  1.5951671e+001  3.9698320e+001  1.5883190e+002
  5.0000000e+005  3.0000000e-001  1.0000000e+000  1.5000000e+005  1.1774456e+001  1.6955210e+001  4.2285667e+001  1.6916845e+002
  5.0000000e+005  4.0000000e-001  1.0000000e-001  2.0000000e+005  6.3959814e-001  9.2128331e-001  1.3407277e+000  5.3620204e+000
  5.0000000e+005  4.0000000e-001  2.0000000e-001  2.0000000e+005  2.8095155e+000  4.0454696e+000  9.7924488e+000  3.9130553e+001
  5.0000000e+005  4.0000000e-001  3.0000000e-001  2.0000000e+005  5.0372664e+000  7.2533220e+000  1.7895708e+001  7.1556404e+001
  5.0000000e+005  4.0000000e-001  4.0000000e-001  2.0000000e+005  6.9884370e+000  1.0066838e+001  2.4974086e+001  9.9894474e+001
  5.0000000e+005  4.0000000e-001  5.0000000e-001  2.0000000e+005  8.7590163e+000  1.2595528e+001  3.1187824e+001  1.2488501e+002
  5.0000000e+005  4.0000000e-001  6.0000000e-001  2.0000000e+005  1.0263234e+001  1.4770813e+001  3.6671687e+001  1.4680002e+002
  5.0000000e+005  4.0000000e-001  7.0000000e-001  2.0000000e+005  1.1603352e+001  1.6705369e+001  4.1550446e+001  1.6630227e+002
  5.0000000e+005  4.0000000e-001  8.0000000e-001  2.0000000e+005  1.2828135e+001  1.8462295e+001  4.5925839e+001  1.8379404e+002
  5.0000000e+005  4.0000000e-001  9.0000000e-001  2.0000000e+005  1.3922060e+001  2.0037423e+001  4.9845929e+001  1.9939942e+002
  5.0000000e+005  4.0000000e-001  1.0000000e+000  2.0000000e+005  1.4896242e+001  2.1449649e+001  5.3441214e+001  2.1384280e+002
  5.0000000e+005  5.0000000e-001  1.0000000e-001  2.5000000e+005  1.1466756e+002  1.6512011e+002  1.6512011e+002  6.6048405e+002
  5.0000000e+005  5.0000000e-001  2.0000000e-001  2.5000000e+005  2.1050394e+000  3.0309776e+000  6.6335482e+000  2.6540501e+001
  5.0000000e+005  5.0000000e-001  3.0000000e-001  2.5000000e+005  4.8467635e+000  6.9792722e+000  1.6961519e+001  6.7819928e+001
  5.0000000e+005  5.0000000e-001  4.0000000e-001  2.5000000e+005  7.3476466e+000  1.0590928e+001  2.6102475e+001  1.0456961e+002
  5.0000000e+005  5.0000000e-001  5.0000000e-001  2.5000000e+005  9.6229103e+000  1.3846526e+001  3.4158762e+001  1.3675739e+002
  5.0000000e+005  5.0000000e-001  6.0000000e-001  2.5000000e+005  1.1573295e+001  1.6659065e+001  4.1336959e+001  1.6544876e+002
  5.0000000e+005  5.0000000e-001  7.0000000e-001  2.5000000e+005  1.3324003e+001  1.9186517e+001  4.7680503e+001  1.9074067e+002
  5.0000000e+005  5.0000000e-001  8.0000000e-001  2.5000000e+005  1.4906919e+001  2.1465305e+001  5.3359459e+001  2.1351588e+002
  5.0000000e+005  5.0000000e-001  9.0000000e-001  2.5000000e+005  1.6336918e+001  2.3517832e+001  5.8485765e+001  2.3401429e+002
  5.0000000e+005  5.0000000e-001  1.0000000e+000  2.5000000e+005  1.7613247e+001  2.5363247e+001  6.3140937e+001  2.5261432e+002
  5.0000000e+005  6.0000000e-001  1.0000000e-001  3.0000000e+005  1.1466756e+002  1.6512011e+002  1.6512011e+002  6.6048405e+002
  5.0000000e+005  6.0000000e-001  2.0000000e-001  3.0000000e+005  1.4548698e+000  2.0939952e+000  3.0406568e+000  1.2169264e+001
  5.0000000e+005  6.0000000e-001  3.0000000e-001  3.0000000e+005  4.1705794e+000  6.0056088e+000  1.3992176e+001  5.5943986e+001
  5.0000000e+005  6.0000000e-001  4.0000000e-001  3.0000000e+005  7.1912762e+000  1.0367545e+001  2.5268429e+001  1.0112560e+002
  5.0000000e+005  6.0000000e-001  5.0000000e-001  3.0000000e+005  9.9581403e+000  1.4341754e+001  3.5322245e+001  1.4133390e+002
  5.0000000e+005  6.0000000e-001  6.0000000e-001  3.0000000e+005  1.2411435e+001  1.7873642e+001  4.4162146e+001  1.7674315e+002
  5.0000000e+005  6.0000000e-001  7.0000000e-001  3.0000000e+005  1.4611347e+001  2.1031930e+001  5.2068618e+001  2.0831630e+002
  5.0000000e+005  6.0000000e-001  8.0000000e-001  3.0000000e+005  1.6560256e+001  2.3846762e+001  5.9201320e+001  2.3687289e+002
  5.0000000e+005  6.0000000e-001  9.0000000e-001  3.0000000e+005  1.8322500e+001  2.6388288e+001  6.5536952e+001  2.6218857e+002
  5.0000000e+005  6.0000000e-001  1.0000000e+000  3.0000000e+005  1.9933677e+001  2.8706131e+001  7.1373887e+001  2.8555397e+002
  1.0000000e+006  1.0000000e-001  1.0000000e-001  1.0000000e+005  2.1647362e+000  3.1175444e+000  7.7638349e+000  3.1056225e+001
  1.0000000e+006  1.0000000e-001  2.0000000e-001  1.0000000e+005  3.3268205e+000  4.7907284e+000  1.1955434e+001  4.7785551e+001
  1.0000000e+006  1.0000000e-001  3.0000000e-001  1.0000000e+005  4.3221704e+000  6.2239023e+000  1.5540742e+001  6.2133338e+001
  1.0000000e+006  1.0000000e-001  4.0000000e-001  1.0000000e+005  5.1888536e+000  7.4718245e+000  1.8664605e+001  7.4634191e+001
  1.0000000e+006  1.0000000e-001  5.0000000e-001  1.0000000e+005  5.9308020e+000  8.5515523e+000  2.1376632e+001  8.5486354e+001
  1.0000000e+006  1.0000000e-001  6.0000000e-001  1.0000000e+005  6.5994308e+000  9.5162204e+000  2.3781246e+001  9.5103862e+001
  1.0000000e+006  1.0000000e-001  7.0000000e-001  1.0000000e+005  7.1929274e+000  1.0369934e+001  2.5910045e+001  1.0380087e+002
  1.0000000e+006  1.0000000e-001  8.0000000e-001  1.0000000e+005  7.7269994e+000  1.1137371e+001  2.7843151e+001  1.1143309e+002
  1.0000000e+006  1.0000000e-001  9.0000000e-001  1.0000000e+005  8.2124579e+000  1.1832507e+001  2.9562630e+001  1.1832577e+002
  1.0000000e+006  1.0000000e-001  1.0000000e+000  1.0000000e+005  8.6945130e+000  1.2499129e+001  3.1111668e+001  1.2458066e+002
  1.0000000e+006  2.0000000e-001  1.0000000e-001  2.0000000e+005  2.8999010e+000  4.1755512e+000  1.0381382e+001  4.1480388e+001
  1.0000000e+006  2.0000000e-001  2.0000000e-001  2.0000000e+005  5.3245063e+000  7.6671577e+000  1.9120927e+001  7.6480307e+001
  1.0000000e+006  2.0000000e-001  3.0000000e-001  2.0000000e+005  7.4052906e+000  1.0671477e+001  2.6638971e+001  1.0671289e+002
  1.0000000e+006  2.0000000e-001  4.0000000e-001  2.0000000e+005  9.2344839e+000  1.3293795e+001  3.3150442e+001  1.3269923e+002
  1.0000000e+006  2.0000000e-001  5.0000000e-001  2.0000000e+005  1.0805560e+001  1.5565059e+001  3.8873586e+001  1.5560169e+002
  1.0000000e+006  2.0000000e-001  6.0000000e-001  2.0000000e+005  1.2232754e+001  1.7604667e+001  4.3905122e+001  1.7571552e+002
  1.0000000e+006  2.0000000e-001  7.0000000e-001  2.0000000e+005  1.3464131e+001  1.9386354e+001  4.8397099e+001  1.9367444e+002
  1.0000000e+006  2.0000000e-001  8.0000000e-001  2.0000000e+005  1.4589675e+001  2.1000153e+001  5.2368336e+001  2.0948611e+002
  1.0000000e+006  2.0000000e-001  9.0000000e-001  2.0000000e+005  1.5593301e+001  2.2445739e+001  5.6011704e+001  2.2412120e+002
  1.0000000e+006  2.0000000e-001  1.0000000e+000  2.0000000e+005  1.6492826e+001  2.3747451e+001  5.9296718e+001  2.3724641e+002
  1.0000000e+006  3.0000000e-001  1.0000000e-001  3.0000000e+005  2.2579991e+000  3.2512588e+000  7.8982953e+000  3.1598476e+001
  1.0000000e+006  3.0000000e-001  2.0000000e-001  3.0000000e+005  6.0079452e+000  8.6655616e+000  2.1572218e+001  8.6280657e+001
  1.0000000e+006  3.0000000e-001  3.0000000e-001  3.0000000e+005  9.3030791e+000  1.3388195e+001  3.3295297e+001  1.3330035e+002
  1.0000000e+006  3.0000000e-001  4.0000000e-001  3.0000000e+005  1.2148024e+001  1.7478702e+001  4.3499080e+001  1.7409209e+002
  1.0000000e+006  3.0000000e-001  5.0000000e-001  3.0000000e+005  1.4622303e+001  2.1047994e+001  5.2483926e+001  2.0993726e+002
  1.0000000e+006  3.0000000e-001  6.0000000e-001  3.0000000e+005  1.6804697e+001  2.4193407e+001  6.0362268e+001  2.4147883e+002
  1.0000000e+006  3.0000000e-001  7.0000000e-001  3.0000000e+005  1.8769592e+001  2.7022921e+001  6.7406817e+001  2.6963427e+002
  1.0000000e+006  3.0000000e-001  8.0000000e-001  3.0000000e+005  2.0511049e+001  2.9531494e+001  7.3663283e+001  2.9470971e+002
  1.0000000e+006  3.0000000e-001  9.0000000e-001  3.0000000e+005  2.2079029e+001  3.1787305e+001  7.9323608e+001  3.1733720e+002
  1.0000000e+006  3.0000000e-001  1.0000000e+000  3.0000000e+005  2.3496787e+001  3.3834135e+001  8.4484401e+001  3.3796827e+002
  1.0000000e+006  4.0000000e-001  1.0000000e-001  4.0000000e+005  1.0008785e+000  1.4419531e+000  1.8172090e+000  7.2672093e+000
  1.0000000e+006  4.0000000e-001  2.0000000e-001  4.0000000e+005  5.4558637e+000  7.8562325e+000  1.9317706e+001  7.7257001e+001
  1.0000000e+006  4.0000000e-001  3.0000000e-001  4.0000000e+005  9.9586955e+000  1.4342623e+001  3.5631136e+001  1.4261252e+002
  1.0000000e+006  4.0000000e-001  4.0000000e-001  4.0000000e+005  1.3918163e+001  2.0031547e+001  4.9774325e+001  1.9912030e+002
  1.0000000e+006  4.0000000e-001  5.0000000e-001  4.0000000e+005  1.7355386e+001  2.4985744e+001  6.2198160e+001  2.4881715e+002
  1.0000000e+006  4.0000000e-001  6.0000000e-001  4.0000000e+005  2.0409136e+001  2.9383344e+001  7.3182279e+001  2.9277561e+002
  1.0000000e+006  4.0000000e-001  7.0000000e-001  4.0000000e+005  2.3106059e+001  3.3267354e+001  8.2967111e+001  3.3189646e+002
  1.0000000e+006  4.0000000e-001  8.0000000e-001  4.0000000e+005  2.5548724e+001  3.6785204e+001  9.1716629e+001  3.6690929e+002
  1.0000000e+006  4.0000000e-001  9.0000000e-001  4.0000000e+005  2.7718105e+001  3.9910174e+001  9.9642867e+001  3.9858949e+002
  1.0000000e+006  4.0000000e-001  1.0000000e+000  4.0000000e+005  2.9706287e+001  4.2773921e+001  1.0671377e+002  4.2689198e+002
  1.0000000e+006  5.0000000e-001  1.0000000e-001  5.0000000e+005  1.1466756e+002  1.6512011e+002  1.6512011e+002  6.6048405e+002
  1.0000000e+006  5.0000000e-001  2.0000000e-001  5.0000000e+005  3.7751773e+000  5.4360078e+000  1.2603553e+001  5.0400468e+001
  1.0000000e+006  5.0000000e-001  3.0000000e-001  5.0000000e+005  9.4903981e+000  1.3656631e+001  3.3552501e+001  1.3433420e+002
  1.0000000e+006  5.0000000e-001  4.0000000e-001  5.0000000e+005  1.4562945e+001  2.0960961e+001  5.2010074e+001  2.0808780e+002
  1.0000000e+006  5.0000000e-001  5.0000000e-001  5.0000000e+005  1.9032286e+001  2.7403016e+001  6.8157024e+001  2.7267614e+002
  1.0000000e+006  5.0000000e-001  6.0000000e-001  5.0000000e+005  2.2985965e+001  3.3095056e+001  8.2431248e+001  3.2972921e+002
  1.0000000e+006  5.0000000e-001  7.0000000e-001  5.0000000e+005  2.6517881e+001  3.8183563e+001  9.5094335e+001  3.8038226e+002
  1.0000000e+006  5.0000000e-001  8.0000000e-001  5.0000000e+005  2.9671203e+001  4.2722832e+001  1.0655710e+002  4.2626754e+002
  1.0000000e+006  5.0000000e-001  9.0000000e-001  5.0000000e+005  3.2516612e+001  4.6825178e+001  1.1682971e+002  4.6734759e+002
  1.0000000e+006  5.0000000e-001  1.0000000e+000  5.0000000e+005  3.5081283e+001  5.0517630e+001  1.2611854e+002  5.0450722e+002
  1.0000000e+006  6.0000000e-001  1.0000000e-001  6.0000000e+005  1.1466756e+002  1.6512011e+002  1.6512011e+002  6.6048405e+002
  1.0000000e+006  6.0000000e-001  2.0000000e-001  6.0000000e+005  2.1678411e+000  3.1220621e+000  4.1324964e+000  1.6540139e+001
  1.0000000e+006  6.0000000e-001  3.0000000e-001  6.0000000e+005  7.8456480e+000  1.1309026e+001  2.7288194e+001  1.0919264e+002
  1.0000000e+006  6.0000000e-001  4.0000000e-001  6.0000000e+005  1.4106236e+001  2.0315229e+001  5.0136083e+001  2.0055771e+002
  1.0000000e+006  6.0000000e-001  5.0000000e-001  6.0000000e+005  1.9677684e+001  2.8326887e+001  7.0211414e+001  2.8086057e+002
  1.0000000e+006  6.0000000e-001  6.0000000e-001  6.0000000e+005  2.4591307e+001  3.5407527e+001  8.8021912e+001  3.5211718e+002
  1.0000000e+006  6.0000000e-001  7.0000000e-001  6.0000000e+005  2.9000034e+001  4.1757040e+001  1.0395471e+002  4.1585894e+002
  1.0000000e+006  6.0000000e-001  8.0000000e-001  6.0000000e+005  3.2918378e+001  4.7397959e+001  1.1802250e+002  4.7211207e+002
  1.0000000e+006  6.0000000e-001  9.0000000e-001  6.0000000e+005  3.6470470e+001  5.2513896e+001  1.3088344e+002  5.2356558e+002
  1.0000000e+006  6.0000000e-001  1.0000000e+000  6.0000000e+005  3.9687771e+001  5.7148169e+001  1.4252539e+002  5.7010243e+002
  1.5000000e+006  1.0000000e-001  1.0000000e-001  1.5000000e+005  3.2393252e+000  4.6643942e+000  1.1628832e+001  4.6511138e+001
  1.5000000e+006  1.0000000e-001  2.0000000e-001  1.5000000e+005  4.9826877e+000  7.1748838e+000  1.7914835e+001  7.1632670e+001
  1.5000000e+006  1.0000000e-001  3.0000000e-001  1.5000000e+005  6.4705586e+000  9.3256047e+000  2.3278540e+001  9.3109290e+001
  1.5000000e+006  1.0000000e-001  4.0000000e-001  1.5000000e+005  7.7618231e+000  1.1188217e+001  2.7975861e+001  1.1198732e+002
  1.5000000e+006  1.0000000e-001  5.0000000e-001  1.5000000e+005  8.9344040e+000  1.2857892e+001  3.2045647e+001  1.2825456e+002
  1.5000000e+006  1.0000000e-001  6.0000000e-001  1.5000000e+005  9.9233226e+000  1.4287241e+001  3.5669545e+001  1.4277151e+002
  1.5000000e+006  1.0000000e-001  7.0000000e-001  1.5000000e+005  1.0800731e+001  1.5557809e+001  3.8846944e+001  1.5549518e+002
  1.5000000e+006  1.0000000e-001  8.0000000e-001  1.5000000e+005  1.1607929e+001  1.6712511e+001  4.1752214e+001  1.6709881e+002
  1.5000000e+006  1.0000000e-001  9.0000000e-001  1.5000000e+005  1.2338797e+001  1.7764297e+001  4.4321028e+001  1.7736116e+002
  1.5000000e+006  1.0000000e-001  1.0000000e+000  1.5000000e+005  1.2994045e+001  1.8704189e+001  4.6681266e+001  1.8681298e+002
  1.5000000e+006  2.0000000e-001  1.0000000e-001  3.0000000e+005  4.3342469e+000  6.2413754e+000  1.5544568e+001  6.2148966e+001
  1.5000000e+006  2.0000000e-001  2.0000000e-001  3.0000000e+005  7.9627078e+000  1.1474415e+001  2.8622516e+001  1.1463571e+002
  1.5000000e+006  2.0000000e-001  3.0000000e-001  3.0000000e+005  1.1126717e+001  1.6012718e+001  3.9908840e+001  1.5964703e+002
  1.5000000e+006  2.0000000e-001  4.0000000e-001  3.0000000e+005  1.3839800e+001  1.9918606e+001  4.9684726e+001  1.9877103e+002
  1.5000000e+006  2.0000000e-001  5.0000000e-001  3.0000000e+005  1.6217675e+001  2.3342212e+001  5.8272495e+001  2.3315615e+002
  1.5000000e+006  2.0000000e-001  6.0000000e-001  3.0000000e+005  1.8303555e+001  2.6360285e+001  6.5784013e+001  2.6319556e+002
  1.5000000e+006  2.0000000e-001  7.0000000e-001  3.0000000e+005  2.0177356e+001  2.9051456e+001  7.2540645e+001  2.9016535e+002
  1.5000000e+006  2.0000000e-001  8.0000000e-001  3.0000000e+005  2.1841375e+001  3.1449219e+001  7.8531259e+001  3.1417809e+002
  1.5000000e+006  2.0000000e-001  9.0000000e-001  3.0000000e+005  2.3334423e+001  3.3604912e+001  8.3987004e+001  3.3599767e+002
  1.5000000e+006  2.0000000e-001  1.0000000e+000  3.0000000e+005  2.4715291e+001  3.5586206e+001  8.8923675e+001  3.5574159e+002
  1.5000000e+006  3.0000000e-001  1.0000000e-001  4.5000000e+005  3.3320324e+000  4.7983575e+000  1.1785747e+001  4.7123873e+001
  1.5000000e+006  3.0000000e-001  2.0000000e-001  4.5000000e+005  9.0216643e+000  1.2988425e+001  3.2257588e+001  1.2906875e+002
  1.5000000e+006  3.0000000e-001  3.0000000e-001  4.5000000e+005  1.3920078e+001  2.0034435e+001  4.9965853e+001  1.9986689e+002
  1.5000000e+006  3.0000000e-001  4.0000000e-001  4.5000000e+005  1.8175799e+001  2.6171443e+001  6.5271608e+001  2.6110705e+002
  1.5000000e+006  3.0000000e-001  5.0000000e-001  4.5000000e+005  2.1890222e+001  3.1517747e+001  7.8694827e+001  3.1483227e+002
  1.5000000e+006  3.0000000e-001  6.0000000e-001  4.5000000e+005  2.5171068e+001  3.6245145e+001  9.0571034e+001  3.6231556e+002
  1.5000000e+006  3.0000000e-001  7.0000000e-001  4.5000000e+005  2.8099389e+001  4.0460858e+001  1.0107704e+002  4.0434939e+002
  1.5000000e+006  3.0000000e-001  8.0000000e-001  4.5000000e+005  3.0723586e+001  4.4240057e+001  1.1055395e+002  4.4224078e+002
  1.5000000e+006  3.0000000e-001  9.0000000e-001  4.5000000e+005  3.3095054e+001  4.7653836e+001  1.1900990e+002  4.7607463e+002
  1.5000000e+006  3.0000000e-001  1.0000000e+000  4.5000000e+005  3.5220363e+001  5.0714486e+001  1.2674371e+002  5.0700471e+002
  1.5000000e+006  4.0000000e-001  1.0000000e-001  6.0000000e+005  1.4173530e+000  2.0415923e+000  2.1829085e+000  8.7303309e+000
  1.5000000e+006  4.0000000e-001  2.0000000e-001  6.0000000e+005  8.1138822e+000  1.1684669e+001  2.8836004e+001  1.1548877e+002
  1.5000000e+006  4.0000000e-001  3.0000000e-001  6.0000000e+005  1.4887945e+001  2.1437484e+001  5.3396433e+001  2.1366372e+002
  1.5000000e+006  4.0000000e-001  4.0000000e-001  6.0000000e+005  2.0784353e+001  2.9928798e+001  7.4714096e+001  2.9887568e+002
  1.5000000e+006  4.0000000e-001  5.0000000e-001  6.0000000e+005  2.5966631e+001  3.7389757e+001  9.3377164e+001  3.7355326e+002
  1.5000000e+006  4.0000000e-001  6.0000000e-001  6.0000000e+005  3.0563547e+001  4.4007932e+001  1.0969581e+002  4.3879719e+002
  1.5000000e+006  4.0000000e-001  7.0000000e-001  6.0000000e+005  3.4605857e+001  4.9828745e+001  1.2432930e+002  4.9734424e+002
  1.5000000e+006  4.0000000e-001  8.0000000e-001  6.0000000e+005  3.8261595e+001  5.5096086e+001  1.3759074e+002  5.5036623e+002
  1.5000000e+006  4.0000000e-001  9.0000000e-001  6.0000000e+005  4.1537546e+001  5.9813198e+001  1.4939737e+002  5.9760970e+002
  1.5000000e+006  4.0000000e-001  1.0000000e+000  6.0000000e+005  4.4508565e+001  6.4088960e+001  1.6010449e+002  6.4042120e+002
  1.5000000e+006  5.0000000e-001  1.0000000e-001  7.5000000e+005  1.1466756e+002  1.6512011e+002  1.6512011e+002  6.6048405e+002
  1.5000000e+006  5.0000000e-001  2.0000000e-001  7.5000000e+005  5.4347482e+000  7.8258588e+000  1.8596697e+001  7.4365198e+001
  1.5000000e+006  5.0000000e-001  3.0000000e-001  7.5000000e+005  1.4081289e+001  2.0277601e+001  5.0201225e+001  2.0082468e+002
  1.5000000e+006  5.0000000e-001  4.0000000e-001  7.5000000e+005  2.1718711e+001  3.1277131e+001  7.7789954e+001  3.1117831e+002
  1.5000000e+006  5.0000000e-001  5.0000000e-001  7.5000000e+005  2.8466515e+001  4.0990222e+001  1.0209492e+002  4.0839961e+002
  1.5000000e+006  5.0000000e-001  6.0000000e-001  7.5000000e+005  3.4423653e+001  4.9568070e+001  1.2354445e+002  4.9421151e+002
  1.5000000e+006  5.0000000e-001  7.0000000e-001  7.5000000e+005  3.9694147e+001  5.7157372e+001  1.4256270e+002  5.7025300e+002
  1.5000000e+006  5.0000000e-001  8.0000000e-001  7.5000000e+005  4.4441416e+001  6.3993278e+001  1.5968589e+002  6.3875344e+002
  1.5000000e+006  5.0000000e-001  9.0000000e-001  7.5000000e+005  4.8719391e+001  7.0153204e+001  1.6650956e+002  6.6606329e+002
  1.5000000e+006  5.0000000e-001  1.0000000e+000  7.5000000e+005  5.2599887e+001  7.5743017e+001  1.6653447e+002  6.6616291e+002
  1.5000000e+006  6.0000000e-001  1.0000000e-001  9.0000000e+005  1.1466756e+002  1.6512011e+002  1.6512011e+002  6.6048405e+002
  1.5000000e+006  6.0000000e-001  2.0000000e-001  9.0000000e+005  3.0839274e+000  4.4410813e+000  4.9736411e+000  1.9897264e+001
  1.5000000e+006  6.0000000e-001  3.0000000e-001  9.0000000e+005  1.1573785e+001  1.6659774e+001  4.0584036e+001  1.6240759e+002
  1.5000000e+006  6.0000000e-001  4.0000000e-001  9.0000000e+005  2.1022474e+001  3.0269949e+001  7.4879443e+001  2.9952591e+002
  1.5000000e+006  6.0000000e-001  5.0000000e-001  9.0000000e+005  2.9368071e+001  4.2287753e+001  1.0519731e+002  4.2079857e+002
  1.5000000e+006  6.0000000e-001  6.0000000e-001  9.0000000e+005  3.6775080e+001  5.2956279e+001  1.3201179e+002  5.2806573e+002
  1.5000000e+006  6.0000000e-001  7.0000000e-001  9.0000000e+005  4.3345253e+001  6.2417674e+001  1.5573673e+002  6.2297056e+002
  1.5000000e+006  6.0000000e-001  8.0000000e-001  9.0000000e+005  4.9298135e+001  7.0988416e+001  1.6647880e+002  6.6594022e+002
  1.5000000e+006  6.0000000e-001  9.0000000e-001  9.0000000e+005  5.4613336e+001  7.8641324e+001  1.6650956e+002  6.6606329e+002
  1.5000000e+006  6.0000000e-001  1.0000000e+000  9.0000000e+005  5.9449647e+001  8.5605884e+001  1.6653447e+002  6.6616291e+002
  2.0000000e+006  1.0000000e-001  1.0000000e-001  2.0000000e+005  4.3178790e+000  6.2176798e+000  1.5544568e+001  6.2148966e+001
  2.0000000e+006  1.0000000e-001  2.0000000e-001  2.0000000e+005  6.6206093e+000  9.5468878e+000  2.3869796e+001  9.5460930e+001
  2.0000000e+006  1.0000000e-001  3.0000000e-001  2.0000000e+005  8.6730942e+000  1.2470150e+001  3.1014220e+001  1.2419121e+002
  2.0000000e+006  1.0000000e-001  4.0000000e-001  2.0000000e+005  1.0391509e+001  1.4947959e+001  3.7268325e+001  1.4910498e+002
  2.0000000e+006  1.0000000e-001  5.0000000e-001  2.0000000e+005  1.1886613e+001  1.7112380e+001  4.2694573e+001  1.7080072e+002
  2.0000000e+006  1.0000000e-001  6.0000000e-001  2.0000000e+005  1.3221844e+001  1.9036315e+001  4.7523212e+001  1.9009525e+002
  2.0000000e+006  1.0000000e-001  7.0000000e-001  2.0000000e+005  1.4416165e+001  2.0750859e+001  5.1837107e+001  2.0741271e+002
  2.0000000e+006  1.0000000e-001  8.0000000e-001  2.0000000e+005  1.5490033e+001  2.2298171e+001  5.5656601e+001  2.2268517e+002
  2.0000000e+006  1.0000000e-001  9.0000000e-001  2.0000000e+005  1.6441883e+001  2.3672423e+001  5.9087974e+001  2.3642252e+002
  2.0000000e+006  1.0000000e-001  1.0000000e+000  2.0000000e+005  1.7307597e+001  2.4916985e+001  6.2213481e+001  2.4887719e+002
  2.0000000e+006  2.0000000e-001  1.0000000e-001  4.0000000e+005  5.7673823e+000  8.3049584e+000  2.0690214e+001  8.2747909e+001
  2.0000000e+006  2.0000000e-001  2.0000000e-001  4.0000000e+005  1.0650751e+001  1.5332637e+001  3.8217529e+001  1.5296361e+002
  2.0000000e+006  2.0000000e-001  3.0000000e-001  4.0000000e+005  1.4821900e+001  2.1340648e+001  5.3267952e+001  2.1314375e+002
  2.0000000e+006  2.0000000e-001  4.0000000e-001  4.0000000e+005  1.8414444e+001  2.6516280e+001  6.6229735e+001  2.6498188e+002
  2.0000000e+006  2.0000000e-001  5.0000000e-001  4.0000000e+005  2.1581716e+001  3.1077849e+001  7.7677902e+001  3.1072296e+002
  2.0000000e+006  2.0000000e-001  6.0000000e-001  4.0000000e+005  2.4409495e+001  3.5145508e+001  8.7728885e+001  3.5092849e+002
  2.0000000e+006  2.0000000e-001  7.0000000e-001  4.0000000e+005  2.6901232e+001  3.8735552e+001  9.6684919e+001  3.8678188e+002
  2.0000000e+006  2.0000000e-001  8.0000000e-001  4.0000000e+005  2.9122390e+001  4.1937629e+001  1.0478576e+002  4.1915332e+002
  2.0000000e+006  2.0000000e-001  9.0000000e-001  4.0000000e+005  3.1132750e+001  4.4827571e+001  1.1192206e+002  4.4771413e+002
  2.0000000e+006  2.0000000e-001  1.0000000e+000  4.0000000e+005  3.2939018e+001  4.7427385e+001  1.1853032e+002  4.7415643e+002
  2.0000000e+006  3.0000000e-001  1.0000000e-001  6.0000000e+005  4.4099461e+000  6.3503269e+000  1.5637587e+001  6.2528782e+001
  2.0000000e+006  3.0000000e-001  2.0000000e-001  6.0000000e+005  1.2020620e+001  1.7300168e+001  4.2988058e+001  1.7200850e+002
  2.0000000e+006  3.0000000e-001  3.0000000e-001  6.0000000e+005  1.8535429e+001  2.6684109e+001  6.6644506e+001  2.6664064e+002
  2.0000000e+006  3.0000000e-001  4.0000000e-001  6.0000000e+005  2.4184031e+001  3.4826880e+001  8.6986904e+001  3.4797725e+002
  2.0000000e+006  3.0000000e-001  5.0000000e-001  6.0000000e+005  2.9165462e+001  4.2001199e+001  1.0497030e+002  4.1988264e+002
  2.0000000e+006  3.0000000e-001  6.0000000e-001  6.0000000e+005  3.3578456e+001  4.8348567e+001  1.2066643e+002  4.8269328e+002
  2.0000000e+006  3.0000000e-001  7.0000000e-001  6.0000000e+005  3.7436380e+001  5.3909026e+001  1.3476845e+002  5.3908244e+002
  2.0000000e+006  3.0000000e-001  8.0000000e-001  6.0000000e+005  4.0941816e+001  5.8955846e+001  1.4729018e+002  5.8916790e+002
  2.0000000e+006  3.0000000e-001  9.0000000e-001  6.0000000e+005  4.4110961e+001  6.3520126e+001  1.5869444e+002  6.3480402e+002
  2.0000000e+006  3.0000000e-001  1.0000000e+000  6.0000000e+005  4.6956535e+001  6.7614710e+001  1.6653447e+002  6.6616291e+002
  2.0000000e+006  4.0000000e-001  1.0000000e-001  8.0000000e+005  1.8333750e+000  2.6404914e+000  2.4935305e+000  9.9736511e+000
  2.0000000e+006  4.0000000e-001  2.0000000e-001  8.0000000e+005  1.0762252e+001  1.5500039e+001  3.8436488e+001  1.5385430e+002
  2.0000000e+006  4.0000000e-001  3.0000000e-001  8.0000000e+005  1.9829864e+001  2.8552217e+001  7.1173970e+001  2.8475444e+002
  2.0000000e+006  4.0000000e-001  4.0000000e-001  8.0000000e+005  2.7717491e+001  3.9909310e+001  9.9427136e+001  3.9773746e+002
  2.0000000e+006  4.0000000e-001  5.0000000e-001  8.0000000e+005  3.4585109e+001  4.9799061e+001  1.2421209e+002  4.9688010e+002
  2.0000000e+006  4.0000000e-001  6.0000000e-001  8.0000000e+005  4.0674103e+001  5.8569624e+001  1.4628589e+002  5.8517207e+002
  2.0000000e+006  4.0000000e-001  7.0000000e-001  8.0000000e+005  4.6109972e+001  6.6396495e+001  1.6577969e+002  6.6314226e+002
  2.0000000e+006  4.0000000e-001  8.0000000e-001  8.0000000e+005  5.0976800e+001  7.3405067e+001  1.6647880e+002  6.6594022e+002
  2.0000000e+006  4.0000000e-001  9.0000000e-001  8.0000000e+005  5.5386992e+001  7.9755263e+001  1.6650956e+002  6.6606329e+002
  2.0000000e+006  4.0000000e-001  1.0000000e+000  8.0000000e+005  5.9328203e+001  8.5432173e+001  1.6653447e+002  6.6616291e+002
  2.0000000e+006  5.0000000e-001  1.0000000e-001  1.0000000e+006  1.1466756e+002  1.6512011e+002  1.6512011e+002  6.6048405e+002
  2.0000000e+006  5.0000000e-001  2.0000000e-001  1.0000000e+006  7.0860079e+000  1.0213243e+001  2.4529028e+001  9.8095950e+001
  2.0000000e+006  5.0000000e-001  3.0000000e-001  1.0000000e+006  1.8696006e+001  2.6916449e+001  6.6825420e+001  2.6735235e+002
  2.0000000e+006  5.0000000e-001  4.0000000e-001  1.0000000e+006  2.8923643e+001  4.1644953e+001  1.0362845e+002  4.1455403e+002
  2.0000000e+006  5.0000000e-001  5.0000000e-001  1.0000000e+006  3.7877146e+001  5.4540550e+001  1.3604800e+002  5.4422263e+002
  2.0000000e+006  5.0000000e-001  6.0000000e-001  1.0000000e+006  4.5815252e+001  6.5974716e+001  1.6449741e+002  6.5800497e+002
  2.0000000e+006  5.0000000e-001  7.0000000e-001  1.0000000e+006  5.2914760e+001  7.6195388e+001  1.6643982e+002  6.6578434e+002
  2.0000000e+006  5.0000000e-001  8.0000000e-001  1.0000000e+006  5.9217357e+001  8.5273621e+001  1.6647880e+002  6.6594022e+002
  2.0000000e+006  5.0000000e-001  9.0000000e-001  1.0000000e+006  6.4874215e+001  9.3417882e+001  1.6650956e+002  6.6606329e+002
  2.0000000e+006  5.0000000e-001  1.0000000e+000  1.0000000e+006  7.0068330e+001  1.0089796e+002  1.6653447e+002  6.6616291e+002
  2.0000000e+006  6.0000000e-001  1.0000000e-001  1.2000000e+006  1.1466756e+002  1.6512011e+002  1.6512011e+002  6.6048405e+002
  2.0000000e+006  6.0000000e-001  2.0000000e-001  1.2000000e+006  4.0834901e+000  5.8804414e+000  5.6825570e+000  2.2736215e+001
  2.0000000e+006  6.0000000e-001  3.0000000e-001  1.2000000e+006  1.5261103e+001  2.1971034e+001  5.3916560e+001  2.1574361e+002
  2.0000000e+006  6.0000000e-001  4.0000000e-001  1.2000000e+006  2.7899129e+001  4.0170126e+001  9.9682277e+001  3.9874515e+002
  2.0000000e+006  6.0000000e-001  5.0000000e-001  1.2000000e+006  3.9077624e+001  5.6272231e+001  1.4013834e+002  5.6055829e+002
  2.0000000e+006  6.0000000e-001  6.0000000e-001  1.2000000e+006  4.8944533e+001  7.0478920e+001  1.6638886e+002  6.6558049e+002
  2.0000000e+006  6.0000000e-001  7.0000000e-001  1.2000000e+006  5.7778985e+001  8.3199706e+001  1.6643982e+002  6.6578434e+002
  2.0000000e+006  6.0000000e-001  8.0000000e-001  1.2000000e+006  6.5643821e+001  9.4526433e+001  1.6647880e+002  6.6594022e+002
  2.0000000e+006  6.0000000e-001  9.0000000e-001  1.2000000e+006  7.2774194e+001  1.0479350e+002  1.6650956e+002  6.6606329e+002
  2.0000000e+006  6.0000000e-001  1.0000000e+000  1.2000000e+006  7.9152116e+001  1.1397968e+002  1.6653447e+002  6.6616291e+002
  2.5000000e+006  1.0000000e-001  1.0000000e-001  2.5000000e+005  5.3916921e+000  7.7638349e+000  1.9382301e+001  7.7511334e+001
  2.5000000e+006  1.0000000e-001  2.0000000e-001  2.5000000e+005  8.2825922e+000  1.1936094e+001  2.9861462e+001  1.1946968e+002
  2.5000000e+006  1.0000000e-001  3.0000000e-001  2.5000000e+005  1.0789363e+001  1.5540742e+001  3.8771543e+001  1.5519375e+002
  2.5000000e+006  1.0000000e-001  4.0000000e-001  2.5000000e+005  1.2966895e+001  1.8664605e+001  4.6599230e+001  1.8648651e+002
  2.5000000e+006  1.0000000e-001  5.0000000e-001  2.5000000e+005  1.4846442e+001  2.1376632e+001  5.3373576e+001  2.1357233e+002
  2.5000000e+006  1.0000000e-001  6.0000000e-001  2.5000000e+005  1.6515772e+001  2.3781246e+001  5.9374108e+001  2.3754942e+002
  2.5000000e+006  1.0000000e-001  7.0000000e-001  2.5000000e+005  1.8012954e+001  2.5930734e+001  6.4760852e+001  2.5906207e+002
  2.5000000e+006  1.0000000e-001  8.0000000e-001  2.5000000e+005  1.9336673e+001  2.7843151e+001  6.9548430e+001  2.7822641e+002
  2.5000000e+006  1.0000000e-001  9.0000000e-001  2.5000000e+005  2.0545913e+001  2.9582176e+001  7.3867230e+001  2.9552537e+002
  2.5000000e+006  1.0000000e-001  1.0000000e+000  2.5000000e+005  2.1617388e+001  3.1130870e+001  7.7740462e+001  3.1097719e+002
  2.5000000e+006  2.0000000e-001  1.0000000e-001  5.0000000e+005  7.1830159e+000  1.0355595e+001  2.5823678e+001  1.0345390e+002
  2.5000000e+006  2.0000000e-001  2.0000000e-001  5.0000000e+005  1.3279877e+001  1.9120927e+001  4.7780637e+001  1.9115156e+002
  2.5000000e+006  2.0000000e-001  3.0000000e-001  5.0000000e+005  1.8503314e+001  2.6638971e+001  6.6466543e+001  2.6592893e+002
  2.5000000e+006  2.0000000e-001  4.0000000e-001  5.0000000e+005  2.3024570e+001  3.3150442e+001  8.2772614e+001  3.3110681e+002
  2.5000000e+006  2.0000000e-001  5.0000000e-001  5.0000000e+005  2.6998012e+001  3.8873586e+001  9.7086428e+001  3.8836713e+002
  2.5000000e+006  2.0000000e-001  6.0000000e-001  5.0000000e+005  3.0492033e+001  4.3905122e+001  1.0969581e+002  4.3879719e+002
  2.5000000e+006  2.0000000e-001  7.0000000e-001  5.0000000e+005  3.3612002e+001  4.8397099e+001  1.2098129e+002  4.8395959e+002
  2.5000000e+006  2.0000000e-001  8.0000000e-001  5.0000000e+005  3.6404861e+001  5.2419404e+001  1.3082959e+002  5.2335006e+002
  2.5000000e+006  2.0000000e-001  9.0000000e-001  5.0000000e+005  3.8898878e+001  5.6011704e+001  1.3988240e+002  5.5953382e+002
  2.5000000e+006  2.0000000e-001  1.0000000e+000  5.0000000e+005  4.1180546e+001  5.9296718e+001  1.4811540e+002  5.9248234e+002
  2.5000000e+006  3.0000000e-001  1.0000000e-001  7.5000000e+005  5.4849898e+000  7.8982953e+000  1.9515567e+001  7.8036738e+001
  2.5000000e+006  3.0000000e-001  2.0000000e-001  7.5000000e+005  1.4979837e+001  2.1572218e+001  5.3785673e+001  2.1522022e+002
  2.5000000e+006  3.0000000e-001  3.0000000e-001  7.5000000e+005  2.3168947e+001  3.3358507e+001  8.3215185e+001  3.3290363e+002
  2.5000000e+006  3.0000000e-001  4.0000000e-001  7.5000000e+005  3.0261242e+001  4.3573332e+001  1.0868135e+002  4.3476374e+002
  2.5000000e+006  3.0000000e-001  5.0000000e-001  7.5000000e+005  3.6449816e+001  5.2483926e+001  1.3118213e+002  5.2476030e+002
  2.5000000e+006  3.0000000e-001  6.0000000e-001  7.5000000e+005  4.1919380e+001  6.0362268e+001  1.5079006e+002  6.0318642e+002
  2.5000000e+006  3.0000000e-001  7.0000000e-001  7.5000000e+005  4.6811334e+001  6.7406817e+001  1.6643982e+002  6.6578434e+002
  2.5000000e+006  3.0000000e-001  8.0000000e-001  7.5000000e+005  5.1156295e+001  7.3663283e+001  1.6647880e+002  6.6594022e+002
  2.5000000e+006  3.0000000e-001  9.0000000e-001  7.5000000e+005  5.5086012e+001  7.9323608e+001  1.6650956e+002  6.6606329e+002
  2.5000000e+006  3.0000000e-001  1.0000000e+000  7.5000000e+005  5.8670850e+001  8.4484401e+001  1.6653447e+002  6.6616291e+002
  2.5000000e+006  4.0000000e-001  1.0000000e-001  1.0000000e+006  2.2516573e+000  3.2424587e+000  2.7652083e+000  1.1063535e+001
  2.5000000e+006  4.0000000e-001  2.0000000e-001  1.0000000e+006  1.3415677e+001  1.9317706e+001  4.7933854e+001  1.9178026e+002
  2.5000000e+006  4.0000000e-001  3.0000000e-001  1.0000000e+006  2.4746467e+001  3.5631136e+001  8.8738267e+001  3.5500004e+002
  2.5000000e+006  4.0000000e-001  4.0000000e-001  1.0000000e+006  3.4567819e+001  4.9774325e+001  1.2447146e+002  4.9790713e+002
  2.5000000e+006  4.0000000e-001  5.0000000e-001  1.0000000e+006  4.3193521e+001  6.2198160e+001  1.5560068e+002  6.2242200e+002
  2.5000000e+006  4.0000000e-001  6.0000000e-001  1.0000000e+006  5.0820447e+001  7.3182279e+001  1.6638886e+002  6.6558049e+002
  2.5000000e+006  4.0000000e-001  7.0000000e-001  1.0000000e+006  5.7616048e+001  8.2967111e+001  1.6643982e+002  6.6578434e+002
  2.5000000e+006  4.0000000e-001  8.0000000e-001  1.0000000e+006  6.3693888e+001  9.1716629e+001  1.6647880e+002  6.6594022e+002
  2.5000000e+006  4.0000000e-001  9.0000000e-001  1.0000000e+006  6.9195797e+001  9.9642867e+001  1.6650956e+002  6.6606329e+002
  2.5000000e+006  4.0000000e-001  1.0000000e+000  1.0000000e+006  7.4107077e+001  1.0671377e+002  1.6653447e+002  6.6616291e+002
  2.5000000e+006  5.0000000e-001  1.0000000e-001  1.2500000e+006  1.1466756e+002  1.6512011e+002  1.6512011e+002  6.6048405e+002
  2.5000000e+006  5.0000000e-001  2.0000000e-001  1.2500000e+006  8.7929661e+000  1.2646316e+001  3.0475133e+001  1.2197749e+002
  2.5000000e+006  5.0000000e-001  3.0000000e-001  1.2500000e+006  2.3299181e+001  3.3552501e+001  8.3466381e+001  3.3391543e+002
  2.5000000e+006  5.0000000e-001  4.0000000e-001  1.2500000e+006  3.6119659e+001  5.2010074e+001  1.2961774e+002  5.1848578e+002
  2.5000000e+006  5.0000000e-001  5.0000000e-001  1.2500000e+006  4.7332162e+001  6.8157024e+001  1.6631936e+002  6.6530251e+002
  2.5000000e+006  5.0000000e-001  6.0000000e-001  1.2500000e+006  5.7245527e+001  8.2431248e+001  1.6638886e+002  6.6558049e+002
  2.5000000e+006  5.0000000e-001  7.0000000e-001  1.2500000e+006  6.6038811e+001  9.5094335e+001  1.6643982e+002  6.6578434e+002
  2.5000000e+006  5.0000000e-001  8.0000000e-001  1.2500000e+006  7.3998737e+001  1.0655710e+002  1.6647880e+002  6.6594022e+002
  2.5000000e+006  5.0000000e-001  9.0000000e-001  1.2500000e+006  8.1132732e+001  1.1682971e+002  1.6650956e+002  6.6606329e+002
  2.5000000e+006  5.0000000e-001  1.0000000e+000  1.2500000e+006  8.7582204e+001  1.2611854e+002  1.6653447e+002  6.6616291e+002
  2.5000000e+006  6.0000000e-001  1.0000000e-001  1.5000000e+006  1.1466756e+002  1.6512011e+002  1.6512011e+002  6.6048405e+002
  2.5000000e+006  6.0000000e-001  2.0000000e-001  1.5000000e+006  5.0009841e+000  7.2015762e+000  6.3084620e+000  2.5238478e+001
  2.5000000e+006  6.0000000e-001  3.0000000e-001  1.5000000e+006  1.8952929e+001  2.7288194e+001  6.7188085e+001  2.6877577e+002
  2.5000000e+006  6.0000000e-001  4.0000000e-001  1.5000000e+006  3.4818328e+001  5.0136083e+001  1.2447146e+002  4.9790713e+002
  2.5000000e+006  6.0000000e-001  5.0000000e-001  1.5000000e+006  4.8759626e+001  7.0211414e+001  1.6631936e+002  6.6530251e+002
  2.5000000e+006  6.0000000e-001  6.0000000e-001  1.5000000e+006  6.1127303e+001  8.8021912e+001  1.6638886e+002  6.6558049e+002
  2.5000000e+006  6.0000000e-001  7.0000000e-001  1.5000000e+006  7.2191794e+001  1.0395471e+002  1.6643982e+002  6.6578434e+002
  2.5000000e+006  6.0000000e-001  8.0000000e-001  1.5000000e+006  8.1960799e+001  1.1802250e+002  1.6647880e+002  6.6594022e+002
  2.5000000e+006  6.0000000e-001  9.0000000e-001  1.5000000e+006  9.0891490e+001  1.3088344e+002  1.6650956e+002  6.6606329e+002
  2.5000000e+006  6.0000000e-001  1.0000000e+000  1.5000000e+006  9.8976817e+001  1.4252539e+002  1.6653447e+002  6.6616291e+002
