   1.1820480e+02   4.0818113e+06   3.9312055e+06   1.5060583e+05   1.0555288e+00   1.3943070e+00   6.6461969e-01   6.6461969e-01
   1.1681050e+02   4.1206762e+06   4.0797547e+06   4.0921478e+04   2.8680029e-01   1.3943070e+00   6.6461969e-01   6.6461969e-01
   1.1541619e+02   4.1629971e+06   4.1098779e+06   5.3119254e+04   3.7228903e-01   1.3943070e+00   6.6461969e-01   6.6461969e-01
   1.1402188e+02   4.1342012e+06   4.0995788e+06   3.4622324e+04   2.4265234e-01   1.3943070e+00   6.6461969e-01   6.6461969e-01
   1.1262757e+02   4.1400779e+06   4.1915829e+06   1.0000000e+00  -3.6097557e-01   1.3943070e+00   6.6461969e-01   6.6461969e-01
   1.1123327e+02   4.4256972e+06   4.2621566e+06   1.6354054e+05   1.1461823e+00   1.3943070e+00   6.6461969e-01   6.6461969e-01
   1.0989392e+02   4.7525942e+06   4.5353097e+06   2.1728450e+05   1.4028013e+00   1.2843919e+00   5.8270063e-01   6.4536295e-01
   1.0864386e+02   5.0569121e+06   4.8915004e+06   1.6541174e+05   1.0108171e+00   1.2157279e+00   5.7949697e-01   5.7949697e-01
   1.0742813e+02   4.9983651e+06   4.8014736e+06   1.9689151e+05   1.2031873e+00   1.2157279e+00   5.7949697e-01   5.7949697e-01
   1.0621240e+02   4.8106782e+06   4.7336800e+06   7.6998177e+04   4.7052932e-01   1.2157279e+00   5.7949697e-01   5.7949697e-01
   1.0499667e+02   4.9434075e+06   4.8037179e+06   1.3968961e+05   8.5363133e-01   1.2157279e+00   5.7949697e-01   5.7949697e-01
   1.0378095e+02   4.8008017e+06   4.7244677e+06   7.6333947e+04   4.6647026e-01   1.2157279e+00   5.7949697e-01   5.7949697e-01
   1.0256522e+02   4.7699335e+06   4.7677287e+06   2.2047813e+03   1.3473231e-02   1.2157279e+00   5.7949697e-01   5.7949697e-01
   1.0134949e+02   4.6545593e+06   4.6657180e+06   1.0000000e+00  -6.8190097e-02   1.2157279e+00   5.7949697e-01   5.7949697e-01
   1.0016696e+02   5.2319554e+06   4.9902359e+06   2.4171945e+05   1.3964545e+00   1.1493316e+00   5.2132049e-01   5.7949697e-01
   9.9069560e+01   5.9485226e+06   5.4198179e+06   5.2870462e+05   2.7783964e+00   1.0454692e+00   4.9834034e-01   4.9851111e-01
   9.8024091e+01   5.7134333e+06   5.3161519e+06   3.9728141e+05   2.0877541e+00   1.0454692e+00   4.9834034e-01   4.9834034e-01
   9.6978622e+01   5.5032972e+06   5.5050183e+06   1.0000000e+00  -9.0445343e-03   1.0454692e+00   4.9834034e-01   4.9834034e-01
   9.5933152e+01   5.3797415e+06   5.4258134e+06   1.0000000e+00  -2.4211254e-01   1.0454692e+00   4.9834034e-01   4.9834034e-01
   9.4887683e+01   5.4509524e+06   5.4976204e+06   1.0000000e+00  -2.4524518e-01   1.0454692e+00   4.9834034e-01   4.9834034e-01
   9.3842214e+01   5.6204801e+06   5.3591339e+06   2.6134616e+05   1.3734006e+00   1.0454692e+00   4.9834034e-01   4.9834034e-01
   9.2796745e+01   5.6118969e+06   5.2243615e+06   3.8753545e+05   2.0365381e+00   1.0454692e+00   4.9834034e-01   4.9834034e-01
   9.1751276e+01   5.5230594e+06   5.4395537e+06   8.3505684e+04   4.3883085e-01   1.0454692e+00   4.9834034e-01   4.9834034e-01
   9.0705806e+01   5.6188164e+06   5.4608907e+06   1.5792574e+05   8.2991579e-01   1.0454692e+00   4.9834034e-01   4.9834034e-01
   8.9726952e+01   6.4635244e+06   6.4681563e+06   1.0000000e+00  -2.1239104e-02   9.1223975e-01   4.2307309e-01   4.4641622e-01
   8.8828853e+01   6.8285123e+06   6.7167344e+06   1.1177793e+05   4.9665783e-01   8.8395750e-01   4.2135307e-01   4.2135307e-01
   8.7944896e+01   6.8843079e+06   6.4504750e+06   4.3383285e+05   1.9276300e+00   8.8395750e-01   4.2135307e-01   4.2135307e-01
   8.7060938e+01   6.8363672e+06   6.4449989e+06   3.9136832e+05   1.7389493e+00   8.8395750e-01   4.2135307e-01   4.2135307e-01
   8.6176981e+01   6.8208882e+06   6.3308149e+06   4.9007330e+05   2.1775207e+00   8.8395750e-01   4.2135307e-01   4.2135307e-01
   8.5293023e+01   6.7925242e+06   6.4538685e+06   3.3865578e+05   1.5047340e+00   8.8395750e-01   4.2135307e-01   4.2135307e-01
   8.4409066e+01   7.2320388e+06   6.4464237e+06   7.8561513e+05   3.4906883e+00   8.8395750e-01   4.2135307e-01   4.2135307e-01
   8.3525108e+01   7.5748441e+06   6.3375131e+06   1.2373310e+06   5.4977771e+00   8.8395750e-01   4.2135307e-01   4.2135307e-01
   8.2641151e+01   7.8904106e+06   6.5881876e+06   1.3022230e+06   5.7861088e+00   8.8395750e-01   4.2135307e-01   4.2135307e-01
   8.1757193e+01   7.8856294e+06   6.3126149e+06   1.5730145e+06   6.9893045e+00   8.8395750e-01   4.2135307e-01   4.2135307e-01
   8.0873236e+01   8.1709422e+06   6.2669926e+06   1.9039496e+06   8.4597336e+00   8.8395750e-01   4.2135307e-01   4.2135307e-01
   8.0028268e+01   8.1650431e+06   6.9448552e+06   1.2201879e+06   4.9433313e+00   8.0597790e-01   3.6211726e-01   4.1111470e-01
   7.9259433e+01   9.0769120e+06   7.6495937e+06   1.4273183e+06   5.2495129e+00   7.3169205e-01   3.4877321e-01   3.4877321e-01
   7.8527741e+01   8.9418419e+06   7.6484796e+06   1.2933624e+06   4.7568386e+00   7.3169205e-01   3.4877321e-01   3.4877321e-01
   7.7796049e+01   9.3160768e+06   7.8209243e+06   1.4951525e+06   5.4989993e+00   7.3169205e-01   3.4877321e-01   3.4877321e-01
   7.7064357e+01   9.8416088e+06   7.9078758e+06   1.9337330e+06   7.1120483e+00   7.3169205e-01   3.4877321e-01   3.4877321e-01
   7.6332665e+01   1.0384679e+07   7.7305870e+06   2.6540925e+06   9.7614481e+00   7.3169205e-01   3.4877321e-01   3.4877321e-01
   7.5600973e+01   1.0148133e+07   7.6974792e+06   2.4506541e+06   9.0132247e+00   7.3169205e-01   3.4877321e-01   3.4877321e-01
   7.4869281e+01   9.7456287e+06   7.1135366e+06   2.6320921e+06   9.6805330e+00   7.3169205e-01   3.4877321e-01   3.4877321e-01
   7.4137589e+01   9.3011618e+06   7.3648157e+06   1.9363460e+06   7.1216587e+00   7.3169205e-01   3.4877321e-01   3.4877321e-01
   7.3405897e+01   9.4098183e+06   7.2996888e+06   2.1101296e+06   7.7608147e+00   7.3169205e-01   3.4877321e-01   3.4877321e-01
   7.2674205e+01   1.0182398e+07   7.1928285e+06   2.9895697e+06   1.0995295e+01   7.3169205e-01   3.4877321e-01   3.4877321e-01
   7.1942513e+01   9.7913057e+06   7.6561473e+06   2.1351584e+06   7.8528680e+00   7.3169205e-01   3.4877321e-01   3.4877321e-01
   7.1210821e+01   1.0111102e+07   7.7273347e+06   2.3837668e+06   8.7672210e+00   7.3169205e-01   3.4877321e-01   3.4877321e-01
   7.0479128e+01   1.0080360e+07   7.5621002e+06   2.5182599e+06   9.2618714e+00   7.3169205e-01   3.4474923e-01   3.4877321e-01
   6.9807623e+01   1.2046309e+07   9.4004425e+06   2.6458666e+06   8.1302802e+00   6.1131876e-01   2.8088458e-01   3.0833128e-01
   6.9207330e+01   1.2267233e+07   9.1917511e+06   3.0754821e+06   9.1095343e+00   5.8926835e-01   2.8088458e-01   2.8088458e-01
   6.8618061e+01   1.2429436e+07   9.0027001e+06   3.4267363e+06   1.0149944e+01   5.8926835e-01   2.8088458e-01   2.8088458e-01
   6.8028793e+01   1.1595345e+07   9.6688602e+06   1.9264851e+06   5.7062215e+00   5.8926835e-01   2.8088458e-01   2.8088458e-01
   6.7439524e+01   1.1514361e+07   9.3968017e+06   2.1175596e+06   6.2721813e+00   5.8926835e-01   2.8088458e-01   2.8088458e-01
   6.6850256e+01   1.2657504e+07   9.4660995e+06   3.1914044e+06   9.4528946e+00   5.8926835e-01   2.8088458e-01   2.8088458e-01
   6.6260988e+01   1.2558508e+07   9.2432049e+06   3.3153031e+06   9.8198806e+00   5.8926835e-01   2.8088458e-01   2.8088458e-01
   6.5671719e+01   1.2019588e+07   9.1141281e+06   2.9054598e+06   8.6059307e+00   5.8926835e-01   2.8088458e-01   2.8088458e-01
   6.5082451e+01   1.1631263e+07   8.9166357e+06   2.7146277e+06   8.0406886e+00   5.8926835e-01   2.8088458e-01   2.8088458e-01
   6.4493183e+01   1.1147700e+07   8.8576005e+06   2.2900991e+06   6.7832410e+00   5.8926835e-01   2.8088458e-01   2.8088458e-01
   6.3903914e+01   1.2135112e+07   9.4126921e+06   2.7224202e+06   8.0637699e+00   5.8926835e-01   2.8088458e-01   2.8088458e-01
   6.3314646e+01   1.2268731e+07   9.2982111e+06   2.9705201e+06   8.7986382e+00   5.8926835e-01   2.8088458e-01   2.8088458e-01
   6.2725378e+01   1.2425303e+07   9.4481635e+06   2.9771396e+06   8.8182451e+00   5.8926835e-01   2.8088458e-01   2.8088458e-01
   6.2136109e+01   1.2671935e+07   9.2511252e+06   3.4208094e+06   1.0132389e+01   5.8926835e-01   2.8088458e-01   2.8088458e-01
   6.1546841e+01   1.2228375e+07   9.3521397e+06   2.8762352e+06   8.5193677e+00   5.8926835e-01   2.8088458e-01   2.8088458e-01
   6.0957573e+01   1.1992851e+07   9.3924115e+06   2.6004396e+06   7.7024650e+00   5.8926835e-01   2.8088458e-01   2.8088458e-01
   6.0368304e+01   1.1664230e+07   8.9934345e+06   2.6707957e+06   7.9108589e+00   5.8926835e-01   2.8088458e-01   2.8088458e-01
   5.9836721e+01   1.5258658e+07   1.0575418e+07   4.6832401e+06   1.1155802e+01   4.7389762e-01   2.1892911e-01   2.3266373e-01
   5.9371066e+01   1.6278335e+07   1.1588873e+07   4.6894619e+06   1.0782054e+01   4.5741313e-01   2.1803359e-01   2.1803359e-01
   5.8913653e+01   1.5736640e+07   1.2029775e+07   3.7068646e+06   8.5228570e+00   4.5741313e-01   2.1803359e-01   2.1803359e-01
   5.8456240e+01   1.5448799e+07   1.2443904e+07   3.0048950e+06   6.9088821e+00   4.5741313e-01   2.1803359e-01   2.1803359e-01
   5.7998826e+01   1.5504980e+07   1.2399492e+07   3.1054879e+06   7.1401662e+00   4.5741313e-01   2.1803359e-01   2.1803359e-01
   5.7541413e+01   1.5393528e+07   1.2038100e+07   3.3554289e+06   7.7148328e+00   4.5741313e-01   2.1803359e-01   2.1803359e-01
   5.7084000e+01   1.2634916e+07   1.1714095e+07   9.2082092e+05   2.1171599e+00   4.5741313e-01   2.1803359e-01   2.1803359e-01
   5.6626587e+01   1.1107561e+07   1.1568974e+07   1.0000000e+00  -1.0608851e+00   4.5741313e-01   2.1803359e-01   2.1803359e-01
   5.6169174e+01   1.1713182e+07   1.1541970e+07   1.7121164e+05   3.9365138e-01   4.5741313e-01   2.1803359e-01   2.1803359e-01
   5.5711761e+01   1.1857120e+07   1.1317861e+07   5.3925931e+05   1.2398699e+00   4.5741313e-01   2.1803359e-01   2.1803359e-01
   5.5254348e+01   1.1413321e+07   1.1137095e+07   2.7622674e+05   6.3510307e-01   4.5741313e-01   2.1803359e-01   2.1803359e-01
   5.4796935e+01   1.1397824e+07   1.1413257e+07   1.0000000e+00  -3.5482548e-02   4.5741313e-01   2.1803359e-01   2.1803359e-01
   5.4339521e+01   1.0980981e+07   1.1583131e+07   1.0000000e+00  -1.3844678e+00   4.5741313e-01   2.1803359e-01   2.1803359e-01
   5.3882108e+01   1.1018653e+07   1.0932305e+07   8.6347752e+04   1.9853154e-01   4.5741313e-01   2.1803359e-01   2.1803359e-01
   5.3424695e+01   1.0777756e+07   1.1135862e+07   1.0000000e+00  -8.2336045e-01   4.5741313e-01   2.1803359e-01   2.1803359e-01
   5.2967282e+01   1.0960529e+07   1.1516550e+07   1.0000000e+00  -1.2784092e+00   4.5741313e-01   2.1803359e-01   2.1803359e-01
   5.2509869e+01   1.1308737e+07   1.1445087e+07   1.0000000e+00  -3.1349690e-01   4.5741313e-01   2.1803359e-01   2.1803359e-01
   5.2052456e+01   1.1291727e+07   1.1014380e+07   2.7734706e+05   6.3767891e-01   4.5741313e-01   2.1803359e-01   2.1803359e-01
   5.1595043e+01   1.1212245e+07   1.0980738e+07   2.3150723e+05   5.3228356e-01   4.5741313e-01   2.1803359e-01   2.1803359e-01
   5.1137629e+01   1.1141228e+07   1.1132580e+07   8.6480906e+03   1.9883769e-02   4.5741313e-01   2.1803359e-01   2.1803359e-01
   5.0680216e+01   1.0892580e+07   1.0551900e+07   3.4068027e+05   7.8329520e-01   4.5741313e-01   2.1803359e-01   2.1803359e-01
   5.0223224e+01   1.0503932e+07   1.1095067e+07   1.0000000e+00  -1.3566438e+00   4.5657186e-01   2.1676668e-01   2.1803359e-01
   4.9798824e+01   1.2863951e+07   1.2634688e+07   2.2926322e+05   4.5200506e-01   3.9222842e-01   1.8696221e-01   1.8696221e-01
   4.9406595e+01   1.3063270e+07   1.2454946e+07   6.0832424e+05   1.1993447e+00   3.9222842e-01   1.8696221e-01   1.8696221e-01
