  1.0000000e+000  6.7961394e-003
  3.0500000e+001  4.3777521e-002
  6.0000000e+001  6.1413540e-002
  1.2000000e+002  8.6822621e-002
  1.8000000e+002  1.0645996e-001
  2.4000000e+002  1.2319415e-001
  3.0000000e+002  1.3783816e-001
  3.6000000e+002  1.5099075e-001
  4.2000000e+002  1.6322573e-001
  4.8000000e+002  1.7453215e-001
  5.4000000e+002  1.8522544e-001
  6.0000000e+002  1.9537173e-001
  6.6000000e+002  2.0498750e-001
  7.2000000e+002  2.1419897e-001
  7.8000000e+002  2.2310802e-001
  8.4000000e+002  2.3160510e-001
  9.0000000e+002  2.3982680e-001
  9.6000000e+002  2.4784826e-001
  1.0200000e+003  2.5554104e-001
  1.0800000e+003  2.6311525e-001
  1.1400000e+003  2.7045215e-001
  1.2000000e+003  2.7756386e-001
  1.2600000e+003  2.8467557e-001
  1.3200000e+003  2.9141441e-001
  1.3800000e+003  2.9806149e-001
  1.4400000e+003  3.0470857e-001
  1.5000000e+003  3.1115058e-001
  1.5600000e+003  3.1734087e-001
  1.6200000e+003  3.2353117e-001
  1.6800000e+003  3.2972146e-001
  1.7400000e+003  3.3580732e-001
  1.8000000e+003  3.4154681e-001
  1.8600000e+003  3.4728631e-001
  1.9200000e+003  3.5302581e-001
  1.9800000e+003  3.5876531e-001
  2.0400000e+003  3.6450481e-001
  2.1000000e+003  3.6987185e-001
  2.1600000e+003  3.7516076e-001
  2.2200000e+003  3.8044966e-001
  2.2800000e+003  3.8573857e-001
  2.3400000e+003  3.9102747e-001
  2.4000000e+003  3.9631638e-001
  2.4600000e+003  4.0160528e-001
  2.5200000e+003  4.0656479e-001
  2.5800000e+003  4.1140934e-001
  2.6400000e+003  4.1625388e-001
  2.7000000e+003  4.2109843e-001
  2.7600000e+003  4.2594298e-001
  2.8200000e+003  4.3078753e-001
  2.8800000e+003  4.3563207e-001
  2.9400000e+003  4.4047662e-001
  3.0000000e+003  4.4532117e-001
  3.0600000e+003  4.5007822e-001
  3.1200000e+003  4.5448621e-001
  3.1800000e+003  4.5889420e-001
  3.2400000e+003  4.6330219e-001
  3.3000000e+003  4.6771018e-001
  3.3600000e+003  4.7211817e-001
  3.4200000e+003  4.7652615e-001
  3.4800000e+003  4.8093414e-001
  3.5400000e+003  4.8534213e-001
  3.6000000e+003  4.8975012e-001
  3.6600000e+003  4.9415811e-001
  3.7200000e+003  4.9856610e-001
  3.7800000e+003  5.0297409e-001
  3.8400000e+003  5.0738208e-001
