  1.0000000e+000             NaN
  3.0500000e+001  2.6747074e-002
  6.0000000e+001  3.8114018e-002
  1.2000000e+002  5.4221612e-002
  1.8000000e+002  6.6626566e-002
  2.4000000e+002  7.7050744e-002
  3.0000000e+002  8.6217883e-002
  3.6000000e+002  9.4739272e-002
  4.2000000e+002  1.0230549e-001
  4.8000000e+002  1.0937048e-001
  5.4000000e+002  1.1615043e-001
  6.0000000e+002  1.2240877e-001
  6.6000000e+002  1.2844445e-001
  7.2000000e+002  1.3418644e-001
  7.8000000e+002  1.3971744e-001
  8.4000000e+002  1.4503213e-001
  9.0000000e+002  1.5014703e-001
